1
30
1 6 0 16 10 16 12 16 14 16 14 17 0 17
2 4 12 15 14 15 14 16 12 16
3 5 12 14 13 14 14 14 14 15 12 15
4 4 13 13 14 13 14 14 13 14
5 11 13 0 14 0 14 13 13 13 13 10 13 9 13 8 13 7 13 5 13 4 13 3
6 6 12 10 13 10 13 13 13 14 12 14 12 11
7 7 10 11 12 11 12 14 12 15 12 16 10 16 10 12
8 5 0 12 1 12 10 12 10 16 0 16
9 8 1 11 2 11 3 11 4 11 6 11 10 11 10 12 1 12
10 5 6 10 12 10 12 11 10 11 6 11
11 5 6 9 13 9 13 10 12 10 6 10
12 4 6 8 13 8 13 9 6 9
13 6 4 8 6 8 6 9 6 10 6 11 4 11
14 6 4 7 11 7 13 7 13 8 6 8 4 8
15 5 11 5 13 5 13 7 11 7 11 6
16 4 4 6 11 6 11 7 4 7
17 5 4 5 5 5 11 5 11 6 4 6
18 7 3 5 4 5 4 6 4 7 4 8 4 11 3 11
19 5 5 4 13 4 13 5 11 5 5 5
20 6 5 3 7 3 9 3 13 3 13 4 5 4
21 5 9 0 13 0 13 3 9 3 9 1
22 5 7 1 8 1 9 1 9 3 7 3
23 4 8 0 9 0 9 1 8 1
24 4 7 0 8 0 8 1 7 1
25 5 5 0 7 0 7 1 7 3 5 3
26 7 3 0 5 0 5 3 5 4 5 5 4 5 3 5
27 6 2 0 3 0 3 5 3 11 2 11 2 2
28 4 1 2 2 2 2 11 1 11
29 4 1 0 2 0 2 2 1 2
30 6 0 0 1 0 1 2 1 11 1 12 0 12
