1
20
1 6 12 0 13 0 13 8 12 8 12 7 12 4
2 12 0 7 1 7 2 7 3 7 4 7 5 7 8 7 9 7 10 7 12 7 12 8 0 8
3 5 10 4 11 4 12 4 12 7 10 7
4 4 11 0 12 0 12 4 11 4
5 4 10 0 11 0 11 4 10 4
6 5 9 0 10 0 10 4 10 7 9 7
7 7 8 0 9 0 9 7 8 7 8 6 8 3 8 2
8 5 5 6 6 6 8 6 8 7 5 7
9 4 6 3 8 3 8 6 6 6
10 5 6 2 7 2 8 2 8 3 6 3
11 4 7 0 8 0 8 2 7 2
12 4 6 0 7 0 7 2 6 2
13 7 5 0 6 0 6 2 6 3 6 6 5 6 5 5
14 5 4 5 5 5 5 6 5 7 4 7
15 5 4 0 5 0 5 5 4 5 4 1
16 5 3 1 4 1 4 5 4 7 3 7
17 4 2 1 3 1 3 7 2 7
18 4 1 1 2 1 2 7 1 7
19 6 1 0 4 0 4 1 3 1 2 1 1 1
20 5 0 0 1 0 1 1 1 7 0 7
