1
30
1 19 11 0 12 0 12 19 11 19 11 16 11 15 11 14 11 13 11 12 11 11 11 10 11 8 11 7 11 6 11 5 11 4 11 3 11 2 11 1
2 5 9 16 10 16 11 16 11 19 9 19
3 5 8 16 9 16 9 19 8 19 8 17
4 5 3 17 8 17 8 19 3 19 3 18
5 4 0 18 3 18 3 19 0 19
6 4 0 17 3 17 3 18 0 18
7 6 0 16 1 16 8 16 8 17 3 17 0 17
8 4 10 15 11 15 11 16 10 16
9 4 10 14 11 14 11 15 10 15
10 8 1 14 5 14 10 14 10 15 10 16 9 16 8 16 1 16
11 5 5 13 11 13 11 14 10 14 5 14
12 4 5 12 11 12 11 13 5 13
13 5 5 11 6 11 11 11 11 12 5 12
14 7 1 11 2 11 5 11 5 12 5 13 5 14 1 14
15 5 0 11 1 11 1 14 1 16 0 16
16 4 6 10 11 10 11 11 6 11
17 5 6 8 11 8 11 10 6 10 6 9
18 6 2 9 6 9 6 10 6 11 5 11 2 11
19 4 2 8 6 8 6 9 2 9
20 6 0 8 2 8 2 9 2 11 1 11 0 11
21 6 0 7 11 7 11 8 6 8 2 8 0 8
22 4 0 6 11 6 11 7 0 7
23 4 0 5 11 5 11 6 0 6
24 5 0 4 4 4 11 4 11 5 0 5
25 5 4 3 7 3 11 3 11 4 4 4
26 4 7 2 11 2 11 3 7 3
27 4 4 2 7 2 7 3 4 3
28 5 0 2 4 2 4 3 4 4 0 4
29 6 0 1 11 1 11 2 7 2 4 2 0 2
30 4 0 0 11 0 11 1 0 1
