1
500
1 69 247 0 248 0 248 253 247 253 247 251 247 250 247 246 247 244 247 241 247 240 247 238 247 228 247 227 247 226 247 225 247 220 247 190 247 189 247 187 247 186 247 185 247 184 247 183 247 182 247 181 247 179 247 178 247 177 247 176 247 174 247 167 247 156 247 154 247 153 247 152 247 151 247 145 247 135 247 94 247 93 247 72 247 69 247 68 247 65 247 63 247 62 247 46 247 42 247 39 247 38 247 37 247 36 247 32 247 31 247 30 247 29 247 26 247 24 247 23 247 22 247 21 247 15 247 14 247 13 247 12 247 11 247 9 247 8 247 4
2 5 244 251 247 251 247 253 244 253 244 252
3 4 228 252 244 252 244 253 228 253
4 63 0 252 21 252 22 252 24 252 26 252 28 252 30 252 33 252 36 252 38 252 42 252 44 252 46 252 47 252 49 252 50 252 51 252 52 252 54 252 59 252 76 252 82 252 84 252 85 252 86 252 89 252 91 252 92 252 120 252 121 252 122 252 123 252 124 252 125 252 126 252 127 252 128 252 131 252 139 252 140 252 141 252 143 252 144 252 148 252 149 252 152 252 154 252 155 252 156 252 166 252 174 252 176 252 177 252 179 252 180 252 182 252 184 252 185 252 186 252 187 252 228 252 228 253 0 253
5 9 187 251 191 251 202 251 232 251 233 251 244 251 244 252 228 252 187 252
6 12 233 250 236 250 239 250 240 250 241 250 242 250 245 250 246 250 247 250 247 251 244 251 233 251
7 5 246 246 247 246 247 250 246 250 246 249
8 4 245 249 246 249 246 250 245 250
9 5 242 249 243 249 245 249 245 250 242 250
10 5 243 246 246 246 246 249 245 249 243 249
11 5 243 244 247 244 247 246 246 246 243 246
12 5 242 244 243 244 243 246 243 249 242 249
13 5 242 241 247 241 247 244 243 244 242 244
14 7 241 241 242 241 242 244 242 249 242 250 241 250 241 243
15 5 241 240 247 240 247 241 242 241 241 241
16 4 241 238 247 238 247 240 241 240
17 4 240 243 241 243 241 250 240 250
18 7 240 238 241 238 241 240 241 241 241 243 240 243 240 239
19 6 239 239 240 239 240 243 240 250 239 250 239 247
20 4 239 238 240 238 240 239 239 239
21 11 239 228 247 228 247 238 241 238 240 238 239 238 239 236 239 235 239 233 239 232 239 231
22 5 236 247 238 247 239 247 239 250 236 250
23 7 238 236 239 236 239 238 239 239 239 247 238 247 238 237
24 4 236 237 238 237 238 247 236 247
25 5 233 237 236 237 236 247 236 250 233 250
26 5 232 237 233 237 233 250 233 251 232 251
27 7 232 236 234 236 238 236 238 237 236 237 233 237 232 237
28 9 202 236 204 236 208 236 210 236 213 236 232 236 232 237 232 251 202 251
29 5 234 235 239 235 239 236 238 236 234 236
30 6 234 233 237 233 239 233 239 235 234 235 234 234
31 4 237 232 239 232 239 233 237 233
32 4 234 232 237 232 237 233 234 233
33 6 213 234 234 234 234 235 234 236 232 236 213 236
34 7 213 232 214 232 217 232 234 232 234 233 234 234 213 234
35 6 217 231 239 231 239 232 237 232 234 232 217 232
36 7 217 228 219 228 220 228 221 228 239 228 239 231 217 231
37 5 221 227 247 227 247 228 239 228 221 228
38 6 221 226 227 226 229 226 247 226 247 227 221 227
39 4 229 225 247 225 247 226 229 226
40 4 229 220 247 220 247 225 229 225
41 9 229 190 247 190 247 220 229 220 229 218 229 214 229 211 229 203 229 202
42 9 227 218 229 218 229 220 229 225 229 226 227 226 227 222 227 221 227 219
43 7 221 222 223 222 225 222 226 222 227 222 227 226 221 226
44 4 226 221 227 221 227 222 226 222
45 4 225 221 226 221 226 222 225 222
46 5 225 219 227 219 227 221 226 221 225 221
47 4 225 218 227 218 227 219 225 219
48 5 225 214 229 214 229 218 227 218 225 218
49 8 223 214 224 214 225 214 225 218 225 219 225 221 225 222 223 222
50 5 224 211 229 211 229 214 225 214 224 214
51 4 223 211 224 211 224 214 223 214
52 5 221 211 223 211 223 214 223 222 221 222
53 6 221 203 229 203 229 211 224 211 223 211 221 211
54 8 220 203 221 203 221 211 221 222 221 226 221 227 221 228 220 228
55 6 219 203 220 203 220 228 219 228 219 224 219 207
56 6 219 202 229 202 229 203 221 203 220 203 219 203
57 4 217 224 219 224 219 228 217 228
58 6 214 224 217 224 217 228 217 231 217 232 214 232
59 5 213 224 214 224 214 232 213 232 213 230
60 7 213 207 219 207 219 224 217 224 214 224 213 224 213 210
61 7 210 230 212 230 213 230 213 232 213 234 213 236 210 236
62 5 212 210 213 210 213 224 213 230 212 230
63 5 210 210 211 210 212 210 212 230 210 230
64 6 208 210 210 210 210 230 210 236 208 236 208 217
65 5 211 207 213 207 213 210 212 210 211 210
66 6 211 202 219 202 219 203 219 207 213 207 211 207
67 6 208 202 211 202 211 207 211 210 210 210 208 210
68 8 208 190 229 190 229 202 219 202 211 202 208 202 208 197 208 191
69 6 204 217 205 217 207 217 208 217 208 236 204 236
70 4 202 217 204 217 204 236 202 236
71 9 207 197 208 197 208 202 208 210 208 217 207 217 207 206 207 205 207 198
72 6 207 191 208 191 208 197 207 197 207 196 207 195
73 7 205 206 207 206 207 217 205 217 205 216 205 215 205 208
74 5 202 216 205 216 205 217 204 217 202 217
75 9 191 216 193 216 195 216 197 216 202 216 202 217 202 236 202 251 191 251
76 7 197 215 198 215 201 215 205 215 205 216 202 216 197 216
77 5 201 208 203 208 205 208 205 215 201 215
78 4 203 206 205 206 205 208 203 208
79 5 203 205 207 205 207 206 205 206 203 206
80 5 201 205 203 205 203 206 203 208 201 208
81 5 201 198 207 198 207 205 203 205 201 205
82 7 198 198 201 198 201 205 201 208 201 215 198 215 198 201
83 5 197 201 198 201 198 215 197 215 197 212
84 6 197 198 198 198 198 201 197 201 197 200 197 199
85 5 195 212 197 212 197 215 197 216 195 216
86 4 193 212 195 212 195 216 193 216
87 4 191 212 193 212 193 216 191 216
88 8 191 200 192 200 197 200 197 201 197 212 195 212 193 212 191 212
89 6 187 200 191 200 191 212 191 216 191 251 187 251
90 6 186 200 187 200 187 251 187 252 186 252 186 204
91 5 192 199 194 199 197 199 197 200 192 200
92 4 194 198 197 198 197 199 194 199
93 9 194 196 200 196 207 196 207 197 207 198 201 198 198 198 197 198 194 198
94 4 200 195 207 195 207 196 200 196
95 4 200 191 207 191 207 195 200 195
96 5 200 190 208 190 208 191 207 191 200 191
97 6 200 189 247 189 247 190 229 190 208 190 200 190
98 7 194 189 200 189 200 190 200 191 200 195 200 196 194 196
99 6 192 189 194 189 194 196 194 198 194 199 192 199
100 6 192 187 247 187 247 189 200 189 194 189 192 189
101 9 186 187 192 187 192 189 192 199 192 200 191 200 187 200 186 200 186 188
102 5 186 186 247 186 247 187 192 187 186 187
103 5 185 204 186 204 186 252 185 252 185 209
104 5 184 209 185 209 185 252 184 252 184 242
105 4 184 204 185 204 185 209 184 209
106 6 184 188 186 188 186 200 186 204 185 204 184 204
107 4 182 242 184 242 184 252 182 252
108 8 182 188 184 188 184 204 184 209 184 242 182 242 182 193 182 192
109 6 180 193 181 193 182 193 182 242 182 252 180 252
110 4 181 192 182 192 182 193 181 193
111 4 180 192 181 192 181 193 180 193
112 5 179 192 180 192 180 193 180 252 179 252
113 4 177 192 179 192 179 252 177 252
114 8 177 188 178 188 182 188 182 192 181 192 180 192 179 192 177 192
115 7 178 186 186 186 186 187 186 188 184 188 182 188 178 188
116 6 178 185 206 185 247 185 247 186 186 186 178 186
117 4 206 184 247 184 247 185 206 185
118 4 206 183 247 183 247 184 206 184
119 5 206 182 230 182 247 182 247 183 206 183
120 4 230 181 247 181 247 182 230 182
121 4 230 179 247 179 247 181 230 181
122 5 206 179 230 179 230 181 230 182 206 182
123 5 206 178 247 178 247 179 230 179 206 179
124 8 178 178 206 178 206 179 206 182 206 183 206 184 206 185 178 185
125 7 178 177 188 177 189 177 247 177 247 178 206 178 178 178
126 7 177 177 178 177 178 178 178 185 178 186 178 188 177 188
127 7 176 177 177 177 177 188 177 192 177 252 176 252 176 213
128 5 189 176 215 176 247 176 247 177 189 177
129 5 215 174 247 174 247 176 215 176 215 175
130 6 215 167 247 167 247 174 215 174 215 170 215 169
131 9 215 156 247 156 247 167 215 167 215 165 215 164 215 163 215 160 215 158
132 4 189 175 215 175 215 176 189 176
133 5 188 175 189 175 189 176 189 177 188 177
134 6 188 170 215 170 215 174 215 175 189 175 188 175
135 9 176 170 188 170 188 175 188 177 178 177 177 177 176 177 176 173 176 172
136 4 174 213 176 213 176 252 174 252
137 5 166 213 172 213 174 213 174 252 166 252
138 8 172 173 173 173 175 173 176 173 176 177 176 213 174 213 172 213
139 4 166 173 172 173 172 213 166 213
140 6 156 173 166 173 166 213 166 252 156 252 156 248
141 4 175 172 176 172 176 173 175 173
142 4 173 172 175 172 175 173 173 173
143 6 173 170 176 170 176 172 175 172 173 172 173 171
144 7 173 169 196 169 215 169 215 170 188 170 176 170 173 170
145 11 156 171 157 171 159 171 170 171 171 171 173 171 173 172 173 173 172 173 166 173 156 173
146 5 171 169 173 169 173 170 173 171 171 171
147 4 170 169 171 169 171 171 170 171
148 6 196 165 215 165 215 167 215 169 196 169 196 168
149 6 170 168 196 168 196 169 173 169 171 169 170 169
150 5 170 165 196 165 196 168 170 168 170 166
151 6 159 166 170 166 170 168 170 169 170 171 159 171
152 8 159 165 160 165 162 165 163 165 165 165 170 165 170 166 159 166
153 7 165 164 209 164 215 164 215 165 196 165 170 165 165 165
154 4 209 163 215 163 215 164 209 164
155 5 209 160 215 160 215 163 209 163 209 162
156 6 165 162 199 162 209 162 209 163 209 164 165 164
157 5 199 160 209 160 209 162 199 162 199 161
158 5 199 158 215 158 215 160 209 160 199 160
159 4 199 156 215 156 215 158 199 158
160 7 199 154 218 154 235 154 247 154 247 156 215 156 199 156
161 4 235 153 247 153 247 154 235 154
162 4 235 152 247 152 247 153 235 153
163 4 235 151 247 151 247 152 235 152
164 5 235 145 247 145 247 151 235 151 235 146
165 9 218 146 222 146 235 146 235 151 235 152 235 153 235 154 218 154 218 150
166 4 199 150 218 150 218 154 199 154
167 7 165 161 167 161 169 161 183 161 199 161 199 162 165 162
168 8 183 150 199 150 199 154 199 156 199 158 199 160 199 161 183 161
169 4 169 150 183 150 183 161 169 161
170 7 169 146 216 146 218 146 218 150 199 150 183 150 169 150
171 4 222 145 235 145 235 146 222 146
172 5 222 135 247 135 247 145 235 145 222 145
173 5 222 94 247 94 247 135 222 135 222 95
174 14 216 95 222 95 222 135 222 145 222 146 218 146 216 146 216 139 216 118 216 117 216 107 216 105 216 102 216 96
175 4 169 139 216 139 216 146 169 146
176 6 167 139 169 139 169 146 169 150 169 161 167 161
177 8 165 139 167 139 167 161 165 161 165 159 165 157 165 148 165 140
178 7 163 159 165 159 165 161 165 162 165 164 165 165 163 165
179 4 163 157 165 157 165 159 163 159
180 4 163 148 165 148 165 157 163 157
181 5 163 140 164 140 165 140 165 148 163 148
182 8 162 140 163 140 163 148 163 157 163 159 163 165 162 165 162 141
183 4 160 141 162 141 162 165 160 165
184 5 159 141 160 141 160 165 159 165 159 142
185 6 157 142 159 142 159 165 159 166 159 171 157 171
186 4 156 142 157 142 157 171 156 171
187 4 155 248 156 248 156 252 155 252
188 6 155 142 156 142 156 171 156 173 156 248 155 248
189 6 154 142 155 142 155 248 155 252 154 252 154 149
190 4 152 149 154 149 154 252 152 252
191 4 149 149 152 149 152 252 149 252
192 4 148 149 149 149 149 252 148 252
193 7 148 142 153 142 154 142 154 149 152 149 149 149 148 149
194 8 144 142 145 142 146 142 147 142 148 142 148 149 148 252 144 252
195 8 153 141 159 141 159 142 157 142 156 142 155 142 154 142 153 142
196 6 153 140 162 140 162 141 160 141 159 141 153 141
197 4 164 139 165 139 165 140 164 140
198 8 164 118 216 118 216 139 169 139 167 139 165 139 164 139 164 119
199 8 153 119 164 119 164 139 164 140 163 140 162 140 153 140 153 137
200 8 147 137 151 137 153 137 153 140 153 141 153 142 148 142 147 142
201 4 146 137 147 137 147 142 146 142
202 4 145 137 146 137 146 142 145 142
203 10 151 119 153 119 153 137 151 137 151 134 151 132 151 124 151 122 151 121 151 120
204 7 145 134 150 134 151 134 151 137 147 137 146 137 145 137
205 5 144 134 145 134 145 137 145 142 144 142
206 5 143 134 144 134 144 142 144 252 143 252
207 4 141 134 143 134 143 252 141 252
208 4 140 134 141 134 141 252 140 252
209 5 150 132 151 132 151 134 150 134 150 133
210 8 140 133 150 133 150 134 145 134 144 134 143 134 141 134 140 134
211 7 139 133 140 133 140 134 140 252 139 252 139 144 139 136
212 7 131 144 132 144 133 144 137 144 139 144 139 252 131 252
213 4 137 136 139 136 139 144 137 144
214 6 133 136 134 136 135 136 137 136 137 144 133 144
215 5 135 133 139 133 139 136 137 136 135 136
216 7 135 132 142 132 150 132 150 133 140 133 139 133 135 133
217 6 142 124 151 124 151 132 150 132 142 132 142 126
218 6 135 126 142 126 142 132 135 132 135 128 135 127
219 6 134 128 135 128 135 132 135 133 135 136 134 136
220 5 133 128 134 128 134 136 133 136 133 129
221 7 132 129 133 129 133 136 133 144 132 144 132 138 132 131
222 4 131 138 132 138 132 144 131 144
223 6 128 138 129 138 131 138 131 144 131 252 128 252
224 4 127 138 128 138 128 252 127 252
225 4 126 138 127 138 127 252 126 252
226 5 129 131 132 131 132 138 131 138 129 138
227 6 126 131 129 131 129 138 128 138 127 138 126 138
228 5 125 131 126 131 126 138 126 252 125 252
229 4 124 131 125 131 125 252 124 252
230 7 124 129 132 129 132 131 129 131 126 131 125 131 124 131
231 5 123 129 124 129 124 131 124 252 123 252
232 8 122 129 123 129 123 252 122 252 122 194 122 147 122 143 122 130
233 4 121 194 122 194 122 252 121 252
234 4 120 194 121 194 121 252 120 252
235 8 92 194 94 194 96 194 117 194 118 194 120 194 120 252 92 252
236 6 118 147 122 147 122 194 121 194 120 194 118 194
237 4 117 147 118 147 118 194 117 194
238 4 96 147 117 147 117 194 96 194
239 8 96 143 98 143 101 143 122 143 122 147 118 147 117 147 96 147
240 4 101 130 122 130 122 143 101 143
241 8 101 129 104 129 105 129 110 129 113 129 122 129 122 130 101 130
242 8 113 128 133 128 133 129 132 129 124 129 123 129 122 129 113 129
243 6 113 127 135 127 135 128 134 128 133 128 113 128
244 5 110 127 113 127 113 128 113 129 110 129
245 5 105 127 107 127 110 127 110 129 105 129
246 6 107 126 135 126 135 127 113 127 110 127 107 127
247 9 107 124 108 124 115 124 116 124 138 124 142 124 142 126 135 126 107 126
248 5 138 122 151 122 151 124 142 124 138 124
249 5 116 122 138 122 138 124 116 124 116 123
250 5 116 121 151 121 151 122 138 122 116 122
251 4 115 123 116 123 116 124 115 124
252 4 108 123 115 123 115 124 108 124
253 4 107 123 108 123 108 124 107 124
254 6 105 123 107 123 107 124 107 126 107 127 105 127
255 9 105 121 111 121 116 121 116 122 116 123 115 123 108 123 107 123 105 123
256 5 111 120 151 120 151 121 116 121 111 121
257 4 111 119 151 119 151 120 111 120
258 7 111 118 112 118 164 118 164 119 153 119 151 119 111 119
259 6 112 117 136 117 216 117 216 118 164 118 112 118
260 5 136 107 216 107 216 117 136 117 136 116
261 5 112 116 114 116 136 116 136 117 112 117
262 5 114 107 136 107 136 116 114 116 114 115
263 4 112 115 114 115 114 116 112 116
264 6 111 115 112 115 112 116 112 117 112 118 111 118
265 9 105 115 106 115 109 115 111 115 111 118 111 119 111 120 111 121 105 121
266 7 104 115 105 115 105 121 105 123 105 127 105 129 104 129
267 6 109 107 114 107 114 115 112 115 111 115 109 115
268 6 109 105 216 105 216 107 136 107 114 107 109 107
269 10 106 105 109 105 109 107 109 115 106 115 106 114 106 111 106 110 106 108 106 106
270 5 104 114 106 114 106 115 105 115 104 115
271 6 101 114 103 114 104 114 104 115 104 129 101 129
272 7 103 111 106 111 106 114 104 114 103 114 103 113 103 112
273 4 101 113 103 113 103 114 101 114
274 7 98 113 101 113 101 114 101 129 101 130 101 143 98 143
275 4 96 113 98 113 98 143 96 143
276 7 94 113 95 113 96 113 96 143 96 147 96 194 94 194
277 8 95 112 97 112 103 112 103 113 101 113 98 113 96 113 95 113
278 4 97 111 103 111 103 112 97 112
279 6 97 110 99 110 106 110 106 111 103 111 97 111
280 4 99 108 106 108 106 110 99 110
281 4 99 106 106 106 106 108 99 108
282 6 97 106 99 106 99 108 99 110 97 110 97 109
283 5 97 105 106 105 106 106 99 106 97 106
284 6 95 109 97 109 97 110 97 111 97 112 95 112
285 5 95 105 97 105 97 106 97 109 95 109
286 9 95 102 100 102 102 102 216 102 216 105 109 105 106 105 97 105 95 105
287 7 94 102 95 102 95 105 95 109 95 112 95 113 94 113
288 5 92 102 94 102 94 113 94 194 92 194
289 4 102 96 216 96 216 102 102 102
290 4 100 96 102 96 102 102 100 102
291 7 92 96 100 96 100 102 95 102 94 102 92 102 92 100
292 9 91 100 92 100 92 102 92 194 92 252 91 252 91 125 91 103 91 101
293 5 89 125 91 125 91 252 89 252 89 155
294 5 89 103 91 103 91 125 89 125 89 104
295 5 86 155 87 155 89 155 89 252 86 252
296 4 85 155 86 155 86 252 85 252
297 5 87 104 89 104 89 125 89 155 87 155
298 4 87 103 89 103 89 104 87 104
299 6 85 103 87 103 87 104 87 155 86 155 85 155
300 7 85 101 88 101 91 101 91 103 89 103 87 103 85 103
301 6 84 101 85 101 85 103 85 155 85 252 84 252
302 4 88 100 91 100 91 101 88 101
303 5 84 100 88 100 88 101 85 101 84 101
304 5 82 100 84 100 84 101 84 252 82 252
305 5 76 100 77 100 82 100 82 252 76 252
306 13 77 96 78 96 90 96 92 96 92 100 91 100 88 100 84 100 82 100 77 100 77 99 77 98 77 97
307 8 90 95 190 95 216 95 216 96 102 96 100 96 92 96 90 96
308 4 78 95 90 95 90 96 78 96
309 5 190 94 222 94 222 95 216 95 190 95
310 5 190 93 247 93 247 94 222 94 190 94
311 8 78 93 81 93 83 93 190 93 190 94 190 95 90 95 78 95
312 10 83 72 247 72 247 93 190 93 83 93 83 89 83 87 83 84 83 82 83 80
313 5 81 89 83 89 83 93 81 93 81 91
314 5 81 87 83 87 83 89 81 89 81 88
315 5 78 91 79 91 81 91 81 93 78 93
316 6 77 91 78 91 78 93 78 95 78 96 77 96
317 4 76 99 77 99 77 100 76 100
318 8 59 99 62 99 66 99 76 99 76 100 76 252 59 252 59 229
319 5 66 98 77 98 77 99 76 99 66 99
320 5 66 97 67 97 77 97 77 98 66 98
321 6 67 91 77 91 77 96 77 97 67 97 67 92
322 6 79 88 80 88 81 88 81 89 81 91 79 91
323 8 67 88 69 88 72 88 79 88 79 91 78 91 77 91 67 91
324 4 80 87 81 87 81 88 80 88
325 6 72 87 73 87 80 87 80 88 79 88 72 88
326 7 73 84 74 84 83 84 83 87 81 87 80 87 73 87
327 5 72 84 73 84 73 87 72 87 72 86
328 4 74 82 83 82 83 84 74 84
329 5 72 82 74 82 74 84 73 84 72 84
330 6 72 80 83 80 83 82 74 82 72 82 72 81
331 6 69 86 71 86 72 86 72 87 72 88 69 88
332 6 71 81 72 81 72 82 72 84 72 86 71 86
333 4 71 80 72 80 72 81 71 81
334 7 71 72 83 72 83 80 72 80 71 80 71 79 71 73
335 8 69 79 70 79 71 79 71 80 71 81 71 86 69 86 69 83
336 6 70 73 71 73 71 79 70 79 70 77 70 74
337 4 69 77 70 77 70 79 69 79
338 4 69 74 70 74 70 77 69 77
339 5 67 83 69 83 69 86 69 88 67 88
340 4 66 92 67 92 67 97 66 97
341 8 62 92 63 92 65 92 66 92 66 97 66 98 66 99 62 99
342 7 65 83 67 83 67 88 67 91 67 92 66 92 65 92
343 8 65 74 69 74 69 77 69 79 69 83 67 83 65 83 65 75
344 6 65 73 68 73 70 73 70 74 69 74 65 74
345 6 63 75 64 75 65 75 65 83 65 92 63 92
346 5 64 73 65 73 65 74 65 75 64 75
347 5 68 72 71 72 71 73 70 73 68 73
348 6 68 69 247 69 247 72 83 72 71 72 68 72
349 4 68 68 247 68 247 69 68 69
350 4 68 65 247 65 247 68 68 68
351 8 64 65 68 65 68 68 68 69 68 72 68 73 65 73 64 73
352 5 64 63 247 63 247 65 68 65 64 65
353 6 63 63 64 63 64 65 64 73 64 75 63 75
354 7 63 62 75 62 158 62 247 62 247 63 64 63 63 63
355 5 158 46 247 46 247 62 158 62 158 50
356 7 75 50 158 50 158 62 75 62 75 54 75 53 75 51
357 4 63 54 75 54 75 62 63 62
358 16 62 54 63 54 63 62 63 63 63 75 63 92 62 92 62 70 62 67 62 64 62 60 62 59 62 58 62 57 62 56 62 55
359 6 59 70 61 70 62 70 62 92 62 99 59 99
360 4 61 67 62 67 62 70 61 70
361 4 59 67 61 67 61 70 59 70
362 7 54 229 55 229 57 229 58 229 59 229 59 252 54 252
363 6 58 67 59 67 59 70 59 99 59 229 58 229
364 6 58 64 62 64 62 67 61 67 59 67 58 67
365 8 57 64 58 64 58 67 58 229 57 229 57 223 57 180 57 78
366 5 55 223 56 223 57 223 57 229 55 229
367 4 56 180 57 180 57 223 56 223
368 4 56 78 57 78 57 180 56 180
369 6 55 78 56 78 56 180 56 223 55 223 55 85
370 5 54 85 55 85 55 223 55 229 54 229
371 5 52 85 54 85 54 229 54 252 52 252
372 4 51 85 52 85 52 252 51 252
373 5 50 85 51 85 51 252 50 252 50 90
374 4 49 90 50 90 50 252 49 252
375 4 47 90 49 90 49 252 47 252
376 4 46 90 47 90 47 252 46 252
377 6 46 85 50 85 50 90 49 90 47 90 46 90
378 8 46 78 55 78 55 85 54 85 52 85 51 85 50 85 46 85
379 6 44 78 46 78 46 85 46 90 46 252 44 252
380 5 42 78 43 78 44 78 44 252 42 252
381 11 43 64 48 64 57 64 57 78 56 78 55 78 46 78 44 78 43 78 43 76 43 71
382 4 42 76 43 76 43 78 42 78
383 4 42 71 43 71 43 76 42 76
384 8 38 71 41 71 42 71 42 76 42 78 42 252 38 252 38 245
385 4 36 245 38 245 38 252 36 252
386 4 36 71 38 71 38 245 36 245
387 7 33 71 34 71 35 71 36 71 36 245 36 252 33 252
388 5 30 71 31 71 33 71 33 252 30 252
389 5 41 64 43 64 43 71 42 71 41 71
390 7 48 60 62 60 62 64 58 64 57 64 48 64 48 61
391 5 41 61 48 61 48 64 43 64 41 64
392 7 35 61 41 61 41 64 41 71 38 71 36 71 35 71
393 5 35 60 48 60 48 61 41 61 35 61
394 6 34 60 35 60 35 61 35 71 34 71 34 66
395 6 34 59 62 59 62 60 48 60 35 60 34 60
396 4 34 58 62 58 62 59 34 59
397 5 31 66 34 66 34 71 33 71 31 71
398 4 30 66 31 66 31 71 30 71
399 5 28 66 30 66 30 71 30 252 28 252
400 8 28 58 34 58 34 59 34 60 34 66 31 66 30 66 28 66
401 5 26 58 28 58 28 66 28 252 26 252
402 7 26 57 27 57 62 57 62 58 34 58 28 58 26 58
403 5 24 57 26 57 26 58 26 252 24 252
404 4 22 57 24 57 24 252 22 252
405 4 21 57 22 57 22 252 21 252
406 4 27 56 62 56 62 57 27 57
407 5 27 55 37 55 62 55 62 56 27 56
408 5 37 54 39 54 62 54 62 55 37 55
409 8 39 53 45 53 60 53 75 53 75 54 63 54 62 54 39 54
410 4 37 53 39 53 39 54 37 54
411 4 60 51 75 51 75 53 60 53
412 5 45 51 60 51 60 53 45 53 45 52
413 6 37 52 40 52 45 52 45 53 39 53 37 53
414 6 27 52 37 52 37 53 37 54 37 55 27 55
415 9 21 52 27 52 27 55 27 56 27 57 26 57 24 57 22 57 21 57
416 4 40 51 45 51 45 52 40 52
417 6 40 50 75 50 75 51 60 51 45 51 40 51
418 9 21 50 23 50 25 50 40 50 40 51 40 52 37 52 27 52 21 52
419 10 0 50 15 50 16 50 17 50 20 50 21 50 21 52 21 57 21 252 0 252
420 6 25 46 158 46 158 50 75 50 40 50 25 50
421 8 25 42 32 42 231 42 247 42 247 46 158 46 25 46 25 43
422 6 23 43 25 43 25 46 25 50 23 50 23 44
423 8 20 44 23 44 23 50 21 50 20 50 20 49 20 47 20 45
424 5 17 49 19 49 20 49 20 50 17 50
425 4 16 49 17 49 17 50 16 50
426 5 19 47 20 47 20 49 19 49 19 48
427 5 16 48 19 48 19 49 17 49 16 49
428 4 16 47 19 47 19 48 16 48
429 6 15 47 16 47 16 48 16 49 16 50 15 50
430 7 0 47 10 47 11 47 12 47 15 47 15 50 0 50
431 7 12 45 20 45 20 47 19 47 16 47 15 47 12 47
432 4 11 45 12 45 12 47 11 47
433 5 11 44 20 44 20 45 12 45 11 45
434 5 10 44 11 44 11 45 11 47 10 47
435 4 0 44 10 44 10 47 0 47
436 7 0 43 23 43 23 44 20 44 11 44 10 44 0 44
437 5 0 42 25 42 25 43 23 43 0 43
438 4 231 39 247 39 247 42 231 42
439 6 32 39 231 39 231 42 32 42 32 41 32 40
440 5 0 41 32 41 32 42 25 42 0 42
441 4 0 40 32 40 32 41 0 41
442 4 0 39 32 39 32 40 0 40
443 6 0 38 247 38 247 39 231 39 32 39 0 39
444 4 0 37 247 37 247 38 0 38
445 6 0 36 119 36 130 36 247 36 247 37 0 37
446 6 130 32 247 32 247 36 130 36 130 35 130 33
447 4 119 35 130 35 130 36 119 36
448 5 119 33 130 33 130 35 119 35 119 34
449 6 0 34 1 34 119 34 119 35 119 36 0 36
450 4 1 33 119 33 119 34 1 34
451 5 1 32 130 32 130 33 119 33 1 33
452 5 1 31 247 31 247 32 130 32 1 32
453 7 1 30 5 30 161 30 168 30 247 30 247 31 1 31
454 4 168 29 247 29 247 30 168 30
455 5 168 26 247 26 247 29 168 29 168 27
456 6 161 27 168 27 168 29 168 30 161 30 161 28
457 6 5 28 6 28 13 28 161 28 161 30 5 30
458 5 13 27 93 27 161 27 161 28 13 28
459 5 93 26 168 26 168 27 161 27 93 27
460 4 13 26 93 26 93 27 13 27
461 7 13 24 247 24 247 26 168 26 93 26 13 26 13 25
462 8 6 25 7 25 8 25 13 25 13 26 13 27 13 28 6 28
463 4 8 24 13 24 13 25 8 25
464 5 8 23 247 23 247 24 13 24 8 24
465 4 8 22 247 22 247 23 8 23
466 5 8 21 29 21 247 21 247 22 8 22
467 6 29 15 247 15 247 21 29 21 29 18 29 16
468 5 8 18 29 18 29 21 8 21 8 20
469 5 8 16 29 16 29 18 8 18 8 17
470 8 7 20 8 20 8 21 8 22 8 23 8 24 8 25 7 25
471 5 7 17 8 17 8 18 8 20 7 20
472 4 7 16 8 16 8 17 7 17
473 7 6 16 7 16 7 17 7 20 7 25 6 25 6 19
474 6 6 15 29 15 29 16 8 16 7 16 6 16
475 5 6 14 247 14 247 15 29 15 6 15
476 5 5 19 6 19 6 25 6 28 5 28
477 6 5 14 6 14 6 15 6 16 6 19 5 19
478 6 5 13 9 13 247 13 247 14 6 14 5 14
479 4 9 12 247 12 247 13 9 13
480 5 9 11 53 11 247 11 247 12 9 12
481 4 53 9 247 9 247 11 53 11
482 5 9 9 53 9 53 11 9 11 9 10
483 6 9 8 18 8 247 8 247 9 53 9 9 9
484 5 18 4 247 4 247 8 18 8 18 6
485 5 18 0 247 0 247 4 18 4 18 2
486 4 9 6 18 6 18 8 9 8
487 6 5 10 9 10 9 11 9 12 9 13 5 13
488 10 1 10 2 10 4 10 5 10 5 13 5 14 5 19 5 28 5 30 1 30
489 8 4 6 9 6 9 8 9 9 9 10 5 10 4 10 4 7
490 7 4 2 14 2 18 2 18 4 18 6 9 6 4 6
491 5 2 7 3 7 4 7 4 10 2 10
492 6 3 2 4 2 4 6 4 7 3 7 3 3
493 5 14 0 18 0 18 2 14 2 14 1
494 5 3 1 14 1 14 2 4 2 3 2
495 5 2 3 3 3 3 7 2 7 2 5
496 5 2 1 3 1 3 2 3 3 2 3
497 5 1 5 2 5 2 7 2 10 1 10
498 9 0 5 1 5 1 10 1 30 1 31 1 32 1 33 1 34 0 34
499 6 0 1 2 1 2 3 2 5 1 5 0 5
500 6 0 0 14 0 14 1 3 1 2 1 0 1
