1
50
1 23 19 0 20 0 20 31 19 31 19 30 19 29 19 28 19 27 19 26 19 25 19 20 19 12 19 11 19 10 19 9 19 8 19 7 19 6 19 5 19 4 19 3 19 2 19 1
2 4 18 30 19 30 19 31 18 31
3 4 0 30 18 30 18 31 0 31
4 5 0 29 19 29 19 30 18 30 0 30
5 6 0 28 4 28 17 28 19 28 19 29 0 29
6 4 17 27 19 27 19 28 17 28
7 4 17 26 19 26 19 27 17 27
8 4 17 25 19 25 19 26 17 26
9 6 17 20 19 20 19 25 17 25 17 24 17 22
10 10 4 24 11 24 13 24 16 24 17 24 17 25 17 26 17 27 17 28 4 28
11 5 16 22 17 22 17 24 16 24 16 23
12 5 13 23 14 23 16 23 16 24 13 24
13 4 14 22 16 22 16 23 14 23
14 5 14 20 17 20 17 22 16 22 14 22
15 8 14 12 19 12 19 20 17 20 14 20 14 15 14 14 14 13
16 9 13 15 14 15 14 20 14 22 14 23 13 23 13 18 13 17 13 16
17 7 11 18 13 18 13 23 13 24 11 24 11 21 11 19
18 4 4 21 11 21 11 24 4 24
19 6 4 19 7 19 8 19 11 19 11 21 4 21
20 4 8 18 11 18 11 19 8 19
21 4 7 18 8 18 8 19 7 19
22 7 7 17 10 17 13 17 13 18 11 18 8 18 7 18
23 5 4 17 7 17 7 18 7 19 4 19
24 7 0 17 4 17 4 19 4 21 4 24 4 28 0 28
25 4 10 16 13 16 13 17 10 17
26 4 10 15 13 15 13 16 10 16
27 5 10 14 14 14 14 15 13 15 10 15
28 8 0 14 10 14 10 15 10 16 10 17 7 17 4 17 0 17
29 8 0 13 3 13 5 13 6 13 14 13 14 14 10 14 0 14
30 4 6 12 14 12 14 13 6 13
31 4 5 12 6 12 6 13 5 13
32 6 5 11 19 11 19 12 14 12 6 12 5 12
33 5 3 11 5 11 5 12 5 13 3 13
34 5 3 10 19 10 19 11 5 11 3 11
35 5 0 10 3 10 3 11 3 13 0 13
36 7 0 9 1 9 2 9 19 9 19 10 3 10 0 10
37 5 2 8 12 8 19 8 19 9 2 9
38 4 12 7 19 7 19 8 12 8
39 4 2 7 12 7 12 8 2 8
40 5 1 7 2 7 2 8 2 9 1 9
41 7 1 6 9 6 19 6 19 7 12 7 2 7 1 7
42 5 0 6 1 6 1 7 1 9 0 9
43 4 9 5 19 5 19 6 9 6
44 5 9 4 15 4 19 4 19 5 9 5
45 4 15 3 19 3 19 4 15 4
46 4 9 3 15 3 15 4 9 4
47 5 9 2 19 2 19 3 15 3 9 3
48 4 9 1 19 1 19 2 9 2
49 9 0 1 9 1 9 2 9 3 9 4 9 5 9 6 1 6 0 6
50 5 0 0 19 0 19 1 9 1 0 1
