1
250
1 31 0 142 25 142 30 142 31 142 32 142 40 142 42 142 43 142 44 142 46 142 47 142 49 142 50 142 51 142 65 142 67 142 68 142 90 142 92 142 94 142 95 142 96 142 101 142 102 142 103 142 104 142 106 142 107 142 108 142 108 143 0 143
2 4 107 140 108 140 108 142 107 142
3 67 107 0 108 0 108 140 107 140 107 139 107 118 107 116 107 108 107 107 107 104 107 102 107 101 107 100 107 99 107 93 107 92 107 89 107 87 107 86 107 85 107 84 107 83 107 78 107 71 107 68 107 67 107 66 107 65 107 64 107 63 107 62 107 61 107 60 107 59 107 58 107 57 107 56 107 55 107 54 107 53 107 50 107 47 107 44 107 40 107 37 107 35 107 34 107 32 107 30 107 29 107 28 107 27 107 26 107 24 107 21 107 18 107 17 107 16 107 15 107 14 107 10 107 9 107 7 107 4 107 3 107 2 107 1
4 5 106 139 107 139 107 140 107 142 106 142
5 9 106 118 107 118 107 139 106 139 106 130 106 128 106 125 106 124 106 122
6 9 104 130 106 130 106 139 106 142 104 142 104 138 104 135 104 133 104 132
7 4 103 138 104 138 104 142 103 142
8 4 102 138 103 138 103 142 102 142
9 4 101 138 102 138 102 142 101 142
10 4 96 138 101 138 101 142 96 142
11 8 96 135 104 135 104 138 103 138 102 138 101 138 96 138 96 136
12 7 95 136 96 136 96 138 96 142 95 142 95 141 95 137
13 4 94 141 95 141 95 142 94 142
14 4 92 141 94 141 94 142 92 142
15 4 90 141 92 141 92 142 90 142
16 6 68 141 71 141 72 141 90 141 90 142 68 142
17 9 72 137 75 137 76 137 95 137 95 141 94 141 92 141 90 141 72 141
18 7 76 136 81 136 83 136 86 136 95 136 95 137 76 137
19 6 86 135 87 135 96 135 96 136 95 136 86 136
20 6 87 133 98 133 104 133 104 135 96 135 87 135
21 4 98 132 104 132 104 133 98 133
22 4 98 130 104 130 104 132 98 132
23 5 98 128 106 128 106 130 104 130 98 130
24 8 87 128 88 128 89 128 98 128 98 130 98 132 98 133 87 133
25 9 89 125 91 125 97 125 106 125 106 128 98 128 89 128 89 127 89 126
26 4 97 124 106 124 106 125 97 125
27 4 97 122 106 122 106 124 97 124
28 4 97 118 106 118 106 122 97 122
29 5 97 116 107 116 107 118 106 118 97 118
30 6 97 108 107 108 107 116 97 116 97 113 97 109
31 9 91 113 93 113 97 113 97 116 97 118 97 122 97 124 97 125 91 125
32 4 89 113 91 113 91 125 89 125
33 5 93 109 97 109 97 113 93 113 93 111
34 4 93 108 97 108 97 109 93 109
35 5 93 107 107 107 107 108 97 108 93 108
36 5 89 111 93 111 93 113 91 113 89 113
37 4 88 127 89 127 89 128 88 128
38 4 88 126 89 126 89 127 88 127
39 5 87 126 88 126 88 127 88 128 87 128
40 8 87 111 89 111 89 113 89 125 89 126 88 126 87 126 87 112
41 8 86 112 87 112 87 126 87 128 87 133 87 135 86 135 86 121
42 7 83 121 85 121 86 121 86 135 86 136 83 136 83 131
43 4 81 131 83 131 83 136 81 136
44 5 81 121 82 121 83 121 83 131 81 131
45 5 85 112 86 112 86 121 85 121 85 119
46 6 82 119 84 119 85 119 85 121 83 121 82 121
47 4 84 112 85 112 85 119 84 119
48 4 82 112 84 112 84 119 82 119
49 7 82 111 87 111 87 112 86 112 85 112 84 112 82 112
50 8 82 107 93 107 93 108 93 109 93 111 89 111 87 111 82 111
51 8 82 104 100 104 107 104 107 107 93 107 82 107 82 106 82 105
52 10 81 106 82 106 82 107 82 111 82 112 82 119 82 121 81 121 81 120 81 110
53 8 76 120 80 120 81 120 81 121 81 131 81 136 76 136 76 123
54 5 75 123 76 123 76 136 76 137 75 137
55 4 72 123 75 123 75 137 72 137
56 5 71 123 72 123 72 137 72 141 71 141
57 6 71 120 76 120 76 123 75 123 72 123 71 123
58 5 80 110 81 110 81 120 80 120 80 114
59 6 71 114 80 114 80 120 76 120 71 120 71 117
60 7 68 117 71 117 71 120 71 123 71 141 68 141 68 134
61 5 67 134 68 134 68 141 68 142 67 142
62 4 65 134 67 134 67 142 65 142
63 6 51 134 52 134 62 134 65 134 65 142 51 142
64 8 62 117 63 117 64 117 68 117 68 134 67 134 65 134 62 134
65 7 64 114 69 114 71 114 71 117 68 117 64 117 64 115
66 4 63 115 64 115 64 117 63 117
67 4 62 115 63 115 63 117 62 117
68 5 62 114 64 114 64 115 63 115 62 115
69 7 52 114 53 114 62 114 62 115 62 117 62 134 52 134
70 5 69 110 80 110 80 114 71 114 69 114
71 5 69 106 81 106 81 110 80 110 69 110
72 5 69 105 82 105 82 106 81 106 69 106
73 10 53 105 56 105 57 105 69 105 69 106 69 110 69 114 64 114 62 114 53 114
74 6 57 104 60 104 82 104 82 105 69 105 57 105
75 4 100 102 107 102 107 104 100 104
76 6 60 102 100 102 100 104 82 104 60 104 60 103
77 9 60 101 74 101 77 101 79 101 99 101 107 101 107 102 100 102 60 102
78 4 99 100 107 100 107 101 99 101
79 4 99 99 107 99 107 100 99 100
80 6 99 93 107 93 107 99 99 99 99 98 99 95
81 4 99 92 107 92 107 93 99 93
82 5 99 89 107 89 107 92 99 92 99 90
83 6 79 98 99 98 99 99 99 100 99 101 79 101
84 4 79 95 99 95 99 98 79 98
85 6 79 90 99 90 99 92 99 93 99 95 79 95
86 7 77 90 79 90 79 95 79 98 79 101 77 101 77 96
87 4 74 96 77 96 77 101 74 101
88 4 60 96 74 96 74 101 60 101
89 6 60 90 61 90 77 90 77 96 74 96 60 96
90 5 57 103 59 103 60 103 60 104 57 104
91 7 59 90 60 90 60 96 60 101 60 102 60 103 59 103
92 7 61 89 66 89 99 89 99 90 79 90 77 90 61 90
93 5 66 87 107 87 107 89 99 89 66 89
94 4 66 86 107 86 107 87 66 87
95 4 66 85 107 85 107 86 66 86
96 6 61 85 66 85 66 86 66 87 66 89 61 89
97 5 61 84 107 84 107 85 66 85 61 85
98 7 59 84 61 84 61 85 61 89 61 90 60 90 59 90
99 5 59 83 107 83 107 84 61 84 59 84
100 6 57 83 59 83 59 84 59 90 59 103 57 103
101 5 57 78 107 78 107 83 59 83 57 83
102 9 56 78 57 78 57 83 57 103 57 104 57 105 56 105 56 97 56 94
103 9 56 71 107 71 107 78 57 78 56 78 56 76 56 74 56 73 56 72
104 5 53 97 54 97 56 97 56 105 53 105
105 4 54 94 56 94 56 97 54 97
106 6 54 76 56 76 56 78 56 94 54 94 54 91
107 5 53 91 54 91 54 94 54 97 53 97
108 6 52 91 53 91 53 97 53 105 53 114 52 114
109 5 51 91 52 91 52 114 52 134 51 134
110 5 50 91 51 91 51 134 51 142 50 142
111 8 50 76 54 76 54 91 53 91 52 91 51 91 50 91 50 77
112 5 49 77 50 77 50 91 50 142 49 142
113 6 47 77 48 77 49 77 49 142 47 142 47 81
114 5 46 81 47 81 47 142 46 142 46 88
115 4 44 88 46 88 46 142 44 142
116 4 44 81 46 81 46 88 44 88
117 5 44 77 47 77 47 81 46 81 44 81
118 9 43 77 44 77 44 81 44 88 44 142 43 142 43 82 43 80 43 79
119 5 48 76 50 76 50 77 49 77 48 77
120 7 48 74 56 74 56 76 54 76 50 76 48 76 48 75
121 7 43 75 48 75 48 76 48 77 47 77 44 77 43 77
122 4 42 82 43 82 43 142 42 142
123 4 40 82 42 82 42 142 40 142
124 4 32 82 40 82 40 142 32 142
125 6 32 80 43 80 43 82 42 82 40 82 32 82
126 5 31 80 32 80 32 82 32 142 31 142
127 5 30 80 31 80 31 142 30 142 30 129
128 4 25 129 30 129 30 142 25 142
129 4 0 129 25 129 25 142 0 142
130 5 0 80 30 80 30 129 25 129 0 129
131 8 0 79 36 79 43 79 43 80 32 80 31 80 30 80 0 80
132 5 36 75 43 75 43 77 43 79 36 79
133 5 0 75 34 75 36 75 36 79 0 79
134 6 34 74 48 74 48 75 43 75 36 75 34 75
135 10 0 74 1 74 2 74 3 74 23 74 26 74 28 74 34 74 34 75 0 75
136 6 28 73 56 73 56 74 48 74 34 74 28 74
137 4 28 72 56 72 56 73 28 73
138 4 28 71 56 71 56 72 28 72
139 6 28 68 107 68 107 71 56 71 28 71 28 69
140 7 26 69 28 69 28 71 28 72 28 73 28 74 26 74
141 4 23 69 26 69 26 74 23 74
142 5 23 68 28 68 28 69 26 69 23 69
143 6 23 67 70 67 107 67 107 68 28 68 23 68
144 4 70 66 107 66 107 67 70 67
145 4 23 66 70 66 70 67 23 67
146 5 23 65 107 65 107 66 70 66 23 66
147 12 3 65 14 65 17 65 19 65 23 65 23 66 23 67 23 68 23 69 23 74 3 74 3 70
148 5 19 64 107 64 107 65 23 65 19 65
149 4 19 63 107 63 107 64 19 64
150 4 19 62 107 62 107 63 19 63
151 6 19 61 27 61 39 61 107 61 107 62 19 62
152 5 39 60 41 60 107 60 107 61 39 61
153 5 41 59 58 59 107 59 107 60 41 60
154 4 58 58 107 58 107 59 58 59
155 4 58 57 107 57 107 58 58 58
156 5 41 57 58 57 58 58 58 59 41 59
157 5 41 56 107 56 107 57 58 57 41 57
158 6 39 56 41 56 41 57 41 59 41 60 39 60
159 5 39 55 107 55 107 56 41 56 39 56
160 4 39 54 107 54 107 55 39 55
161 4 39 53 107 53 107 54 39 54
162 5 39 50 107 50 107 53 39 53 39 51
163 12 27 51 33 51 37 51 39 51 39 53 39 54 39 55 39 56 39 60 39 61 27 61 27 52
164 4 37 50 39 50 39 51 37 51
165 5 37 47 107 47 107 50 39 50 37 50
166 4 37 44 107 44 107 47 37 47
167 7 37 40 107 40 107 44 37 44 37 43 37 42 37 41
168 10 33 43 37 43 37 44 37 47 37 50 37 51 33 51 33 48 33 46 33 45
169 5 27 48 33 48 33 51 27 51 27 49
170 5 19 52 24 52 27 52 27 61 19 61
171 8 17 52 19 52 19 61 19 62 19 63 19 64 19 65 17 65
172 4 14 52 17 52 17 65 14 65
173 5 24 49 27 49 27 51 27 52 24 52
174 4 24 48 27 48 27 49 24 49
175 7 14 48 24 48 24 49 24 52 19 52 17 52 14 52
176 6 14 46 33 46 33 48 27 48 24 48 14 48
177 4 14 45 33 45 33 46 14 46
178 4 14 43 33 43 33 45 14 45
179 8 3 43 14 43 14 45 14 46 14 48 14 52 14 65 3 65
180 9 3 42 4 42 12 42 13 42 37 42 37 43 33 43 14 43 3 43
181 4 13 41 37 41 37 42 13 42
182 4 12 41 13 41 13 42 12 42
183 4 4 41 12 41 12 42 4 42
184 11 4 40 5 40 6 40 10 40 15 40 18 40 37 40 37 41 13 41 12 41 4 41
185 9 18 37 22 37 105 37 107 37 107 40 37 40 18 40 18 39 18 38
186 5 105 35 107 35 107 37 105 37 105 36
187 4 22 36 105 36 105 37 22 37
188 4 18 36 22 36 22 37 18 37
189 4 15 39 18 39 18 40 15 40
190 4 10 39 15 39 15 40 10 40
191 6 10 38 11 38 18 38 18 39 15 39 10 39
192 5 11 36 18 36 18 37 18 38 11 38
193 6 11 35 105 35 105 36 22 36 18 36 11 36
194 5 11 34 107 34 107 35 105 35 11 35
195 5 11 32 107 32 107 34 11 34 11 33
196 5 11 30 107 30 107 32 11 32 11 31
197 4 11 29 107 29 107 30 11 30
198 7 10 33 11 33 11 34 11 35 11 36 11 38 10 38
199 5 10 31 11 31 11 32 11 33 10 33
200 9 6 31 8 31 9 31 10 31 10 33 10 38 10 39 10 40 6 40
201 6 9 29 11 29 11 30 11 31 10 31 9 31
202 7 9 28 21 28 29 28 107 28 107 29 11 29 9 29
203 5 8 28 9 28 9 29 9 31 8 31
204 4 29 27 107 27 107 28 29 28
205 4 29 26 107 26 107 27 29 27
206 5 29 24 45 24 107 24 107 26 29 26
207 7 45 21 55 21 107 21 107 24 45 24 45 23 45 22
208 6 55 18 107 18 107 21 55 21 55 20 55 19
209 4 45 20 55 20 55 21 45 21
210 4 29 23 45 23 45 24 29 24
211 4 29 22 45 22 45 23 29 23
212 9 21 22 29 22 29 23 29 24 29 26 29 27 29 28 21 28 21 25
213 6 8 25 16 25 21 25 21 28 9 28 8 28
214 6 6 25 7 25 8 25 8 28 8 31 6 31
215 4 16 22 21 22 21 25 16 25
216 8 16 20 35 20 45 20 45 21 45 22 29 22 21 22 16 22
217 5 35 19 55 19 55 20 45 20 35 20
218 4 35 18 55 18 55 19 35 19
219 5 35 17 107 17 107 18 55 18 35 18
220 4 35 16 107 16 107 17 35 17
221 6 35 15 38 15 78 15 107 15 107 16 35 16
222 4 78 14 107 14 107 15 78 15
223 5 78 10 107 10 107 14 78 14 78 13
224 4 78 9 107 9 107 10 78 10
225 4 78 7 107 7 107 9 78 9
226 5 78 4 107 4 107 7 78 7 78 6
227 6 38 13 73 13 78 13 78 14 78 15 38 15
228 8 73 6 78 6 78 7 78 9 78 10 78 13 73 13 73 8
229 5 38 8 73 8 73 13 38 13 38 11
230 6 35 11 38 11 38 13 38 15 35 15 35 12
231 9 16 12 35 12 35 15 35 16 35 17 35 18 35 19 35 20 16 20
232 4 16 11 35 11 35 12 16 12
233 8 7 11 16 11 16 12 16 20 16 22 16 25 8 25 7 25
234 7 7 8 20 8 38 8 38 11 35 11 16 11 7 11
235 5 6 8 7 8 7 11 7 25 6 25
236 5 20 6 73 6 73 8 38 8 20 8
237 6 20 4 78 4 78 6 73 6 20 6 20 5
238 5 20 3 107 3 107 4 78 4 20 4
239 4 20 2 107 2 107 3 20 3
240 6 6 5 20 5 20 6 20 8 7 8 6 8
241 7 5 5 6 5 6 8 6 25 6 31 6 40 5 40
242 7 5 2 20 2 20 3 20 4 20 5 6 5 5 5
243 5 5 1 107 1 107 2 20 2 5 2
244 4 5 0 107 0 107 1 5 1
245 7 4 0 5 0 5 1 5 2 5 5 5 40 4 40
246 6 3 0 4 0 4 40 4 41 4 42 3 42
247 4 2 70 3 70 3 74 2 74
248 4 1 70 2 70 2 74 1 74
249 8 1 0 3 0 3 42 3 43 3 65 3 70 2 70 1 70
250 5 0 0 1 0 1 70 1 74 0 74
