1
100
1 26 0 51 1 51 2 51 6 51 19 51 22 51 23 51 25 51 26 51 27 51 28 51 31 51 32 51 33 51 34 51 35 51 36 51 37 51 39 51 41 51 45 51 46 51 48 51 49 51 49 52 0 52
2 31 48 0 49 0 49 51 48 51 48 50 48 49 48 48 48 39 48 38 48 37 48 36 48 32 48 27 48 24 48 23 48 22 48 21 48 20 48 19 48 18 48 17 48 15 48 14 48 13 48 12 48 10 48 5 48 4 48 3 48 2 48 1
3 4 46 50 48 50 48 51 46 51
4 5 46 49 47 49 48 49 48 50 46 50
5 4 47 48 48 48 48 49 47 49
6 7 47 39 48 39 48 48 47 48 47 47 47 45 47 44
7 4 47 38 48 38 48 39 47 39
8 5 46 47 47 47 47 48 47 49 46 49
9 6 45 47 46 47 46 49 46 50 46 51 45 51
10 4 41 47 45 47 45 51 41 51
11 4 39 47 41 47 41 51 39 51
12 10 39 45 40 45 44 45 47 45 47 47 46 47 45 47 41 47 39 47 39 46
13 6 37 46 38 46 39 46 39 47 39 51 37 51
14 4 38 45 39 45 39 46 38 46
15 4 44 44 47 44 47 45 44 45
16 4 40 44 44 44 44 45 40 45
17 5 38 44 40 44 40 45 39 45 38 45
18 8 38 38 47 38 47 39 47 44 44 44 40 44 38 44 38 40
19 6 37 40 38 40 38 44 38 45 38 46 37 46
20 6 36 40 37 40 37 46 37 51 36 51 36 42
21 5 35 42 36 42 36 51 35 51 35 43
22 4 34 43 35 43 35 51 34 51
23 4 33 43 34 43 34 51 33 51
24 4 32 43 33 43 33 51 32 51
25 4 31 43 32 43 32 51 31 51
26 7 31 42 35 42 35 43 34 43 33 43 32 43 31 43
27 5 28 42 31 42 31 43 31 51 28 51
28 7 28 40 29 40 36 40 36 42 35 42 31 42 28 42
29 7 29 38 30 38 38 38 38 40 37 40 36 40 29 40
30 6 30 37 48 37 48 38 47 38 38 38 30 38
31 4 29 37 30 37 30 38 29 38
32 5 29 36 48 36 48 37 30 37 29 37
33 4 29 32 48 32 48 36 29 36
34 7 28 32 29 32 29 36 29 37 29 38 29 40 28 40
35 7 27 32 28 32 28 40 28 42 28 51 27 51 27 33
36 10 27 27 48 27 48 32 29 32 28 32 27 32 27 31 27 30 27 29 27 28
37 5 26 33 27 33 27 51 26 51 26 34
38 5 25 34 26 34 26 51 25 51 25 35
39 5 23 35 25 35 25 51 23 51 23 41
40 4 22 41 23 41 23 51 22 51
41 4 22 35 23 35 23 41 22 41
42 5 19 35 22 35 22 41 22 51 19 51
43 6 19 34 25 34 25 35 23 35 22 35 19 35
44 6 6 34 10 34 19 34 19 35 19 51 6 51
45 6 10 33 26 33 26 34 25 34 19 34 10 34
46 10 10 31 11 31 13 31 14 31 24 31 27 31 27 32 27 33 26 33 10 33
47 4 24 30 27 30 27 31 24 31
48 4 24 29 27 29 27 30 24 30
49 6 14 29 20 29 24 29 24 30 24 31 14 31
50 5 20 28 27 28 27 29 24 29 20 29
51 4 14 28 20 28 20 29 14 29
52 6 14 27 16 27 27 27 27 28 20 28 14 28
53 6 16 24 48 24 48 27 27 27 16 27 16 25
54 4 14 25 16 25 16 27 14 27
55 8 13 25 14 25 14 27 14 28 14 29 14 31 13 31 13 26
56 6 13 24 15 24 16 24 16 25 14 25 13 25
57 5 15 23 48 23 48 24 16 24 15 24
58 4 15 22 48 22 48 23 15 23
59 5 15 21 43 21 48 21 48 22 15 22
60 4 43 20 48 20 48 21 43 21
61 6 15 20 17 20 18 20 43 20 43 21 15 21
62 5 18 19 48 19 48 20 43 20 18 20
63 4 18 18 48 18 48 19 18 19
64 4 18 17 48 17 48 18 18 18
65 4 18 15 48 15 48 17 18 17
66 4 18 14 48 14 48 15 18 15
67 8 17 14 18 14 18 15 18 17 18 18 18 19 18 20 17 20
68 5 17 13 48 13 48 14 18 14 17 14
69 4 17 12 48 12 48 13 17 13
70 4 17 10 48 10 48 12 17 12
71 6 17 5 21 5 42 5 48 5 48 10 17 10
72 10 15 5 17 5 17 10 17 12 17 13 17 14 17 20 15 20 15 7 15 6
73 9 13 7 15 7 15 20 15 21 15 22 15 23 15 24 13 24 13 8
74 4 11 26 13 26 13 31 11 31
75 4 10 26 11 26 11 31 10 31
76 7 6 26 7 26 10 26 10 31 10 33 10 34 6 34
77 11 7 8 8 8 13 8 13 24 13 25 13 26 11 26 10 26 7 26 7 11 7 9
78 4 8 7 13 7 13 8 8 8
79 5 8 6 15 6 15 7 13 7 8 7
80 5 7 6 8 6 8 7 8 8 7 8
81 5 6 11 7 11 7 26 6 26 6 16
82 7 2 16 5 16 6 16 6 26 6 34 6 51 2 51
83 4 5 11 6 11 6 16 5 16
84 6 2 11 3 11 4 11 5 11 5 16 2 16
85 6 4 9 7 9 7 11 6 11 5 11 4 11
86 4 3 9 4 9 4 11 3 11
87 4 2 9 3 9 3 11 2 11
88 6 1 9 2 9 2 11 2 16 2 51 1 51
89 8 1 6 7 6 7 8 7 9 4 9 3 9 2 9 1 9
90 5 0 6 1 6 1 9 1 51 0 51
91 8 0 5 9 5 15 5 15 6 8 6 7 6 1 6 0 6
92 4 42 4 48 4 48 5 42 5
93 4 21 4 42 4 42 5 21 5
94 5 21 3 48 3 48 4 42 4 21 4
95 4 21 2 48 2 48 3 21 3
96 8 9 2 21 2 21 3 21 4 21 5 17 5 15 5 9 5
97 4 0 2 9 2 9 5 0 5
98 7 0 1 12 1 48 1 48 2 21 2 9 2 0 2
99 4 12 0 48 0 48 1 12 1
100 4 0 0 12 0 12 1 0 1
