1
1000
1 90 0 510 16 510 22 510 37 510 38 510 39 510 41 510 42 510 43 510 44 510 47 510 51 510 52 510 54 510 55 510 58 510 60 510 61 510 68 510 70 510 71 510 76 510 77 510 78 510 89 510 90 510 100 510 106 510 111 510 114 510 115 510 116 510 124 510 125 510 126 510 129 510 195 510 197 510 224 510 225 510 226 510 227 510 229 510 256 510 262 510 269 510 270 510 273 510 274 510 278 510 283 510 284 510 285 510 295 510 296 510 297 510 323 510 334 510 336 510 337 510 340 510 342 510 362 510 364 510 385 510 386 510 388 510 392 510 401 510 402 510 404 510 408 510 409 510 413 510 424 510 425 510 426 510 427 510 454 510 461 510 463 510 472 510 474 510 475 510 477 510 478 510 479 510 490 510 490 511 0 511
2 6 479 509 481 509 489 509 490 509 490 510 479 510
3 5 489 501 490 501 490 509 489 509 489 508
4 124 489 0 490 0 490 501 489 501 489 500 489 485 489 482 489 481 489 479 489 478 489 477 489 472 489 471 489 467 489 466 489 462 489 461 489 460 489 458 489 455 489 451 489 450 489 449 489 447 489 445 489 440 489 438 489 421 489 419 489 405 489 397 489 396 489 390 489 383 489 364 489 362 489 359 489 358 489 357 489 335 489 334 489 333 489 332 489 331 489 328 489 326 489 324 489 323 489 321 489 320 489 318 489 317 489 316 489 306 489 305 489 303 489 302 489 301 489 300 489 298 489 297 489 296 489 294 489 288 489 282 489 246 489 242 489 223 489 222 489 221 489 216 489 215 489 214 489 212 489 211 489 200 489 198 489 194 489 193 489 192 489 190 489 188 489 176 489 170 489 169 489 164 489 163 489 162 489 160 489 154 489 152 489 150 489 148 489 147 489 145 489 142 489 138 489 132 489 90 489 88 489 78 489 72 489 60 489 59 489 58 489 56 489 45 489 41 489 39 489 38 489 37 489 36 489 31 489 29 489 28 489 27 489 26 489 24 489 19 489 12 489 11 489 10 489 9 489 1
5 4 481 508 489 508 489 509 481 509
6 7 481 500 488 500 489 500 489 501 489 508 481 508 481 506
7 10 488 485 489 485 489 500 488 500 488 499 488 497 488 493 488 492 488 489 488 486
8 5 481 499 482 499 488 499 488 500 481 500
9 6 482 497 484 497 488 497 488 499 482 499 482 498
10 5 484 493 487 493 488 493 488 497 484 497
11 5 482 493 484 493 484 497 482 497 482 496
12 4 487 492 488 492 488 493 487 493
13 6 482 492 485 492 487 492 487 493 484 493 482 493
14 4 481 498 482 498 482 499 481 499
15 5 479 506 481 506 481 508 481 509 479 509
16 5 478 506 479 506 479 509 479 510 478 510
17 4 477 506 478 506 478 510 477 510
18 4 475 506 477 506 477 510 475 510
19 11 475 498 481 498 481 499 481 500 481 506 479 506 478 506 477 506 475 506 475 505 475 503
20 5 474 505 475 505 475 506 475 510 474 510
21 5 474 503 475 503 475 505 474 505 474 504
22 5 472 504 474 504 474 505 474 510 472 510
23 4 463 504 472 504 472 510 463 510
24 6 463 503 469 503 474 503 474 504 472 504 463 504
25 5 469 498 475 498 475 503 474 503 469 503
26 7 469 496 482 496 482 497 482 498 481 498 475 498 469 498
27 6 463 496 464 496 469 496 469 498 469 503 463 503
28 6 461 496 463 496 463 503 463 504 463 510 461 510
29 6 454 496 460 496 461 496 461 510 454 510 454 507
30 9 464 492 466 492 468 492 473 492 482 492 482 493 482 496 469 496 464 496
31 6 485 489 488 489 488 492 487 492 485 492 485 491
32 6 473 491 480 491 485 491 485 492 482 492 473 492
33 4 480 489 485 489 485 491 480 491
34 6 480 486 488 486 488 489 485 489 480 489 480 487
35 5 473 487 480 487 480 489 480 491 473 491
36 5 468 487 473 487 473 491 473 492 468 492
37 5 468 486 480 486 480 487 473 487 468 487
38 5 466 486 468 486 468 487 468 492 466 492
39 6 466 485 488 485 488 486 480 486 468 486 466 486
40 6 466 482 489 482 489 485 488 485 466 485 466 483
41 7 464 483 466 483 466 485 466 486 466 492 464 492 464 484
42 9 460 484 464 484 464 492 464 496 463 496 461 496 460 496 460 495 460 494
43 4 454 495 460 495 460 496 454 496
44 8 427 507 428 507 429 507 438 507 440 507 454 507 454 510 427 510
45 5 440 495 454 495 454 496 454 507 440 507
46 8 440 494 445 494 450 494 451 494 460 494 460 495 454 495 440 495
47 4 451 484 460 484 460 494 451 494
48 5 451 483 464 483 464 484 460 484 451 484
49 6 450 483 451 483 451 484 451 494 450 494 450 490
50 7 450 482 453 482 466 482 466 483 464 483 451 483 450 483
51 4 445 490 450 490 450 494 445 494
52 6 445 482 449 482 450 482 450 483 450 490 445 490
53 5 453 481 489 481 489 482 466 482 453 482
54 6 453 479 456 479 489 479 489 481 453 481 453 480
55 5 456 478 459 478 489 478 489 479 456 479
56 5 459 477 467 477 489 477 489 478 459 478
57 6 467 472 489 472 489 477 467 477 467 474 467 473
58 4 459 474 467 474 467 477 459 477
59 6 456 474 459 474 459 477 459 478 456 478 456 475
60 6 453 475 456 475 456 478 456 479 453 479 453 476
61 6 449 480 453 480 453 481 453 482 450 482 449 482
62 4 445 480 449 480 449 482 445 482
63 6 445 476 453 476 453 479 453 480 449 480 445 480
64 8 440 476 443 476 445 476 445 480 445 482 445 490 445 494 440 494
65 6 438 476 440 476 440 494 440 495 440 507 438 507
66 5 429 476 432 476 438 476 438 507 429 507
67 5 443 475 453 475 453 476 445 476 443 476
68 6 432 475 443 475 443 476 440 476 438 476 432 476
69 9 432 474 433 474 435 474 437 474 456 474 456 475 453 475 443 475 432 475
70 7 437 473 446 473 467 473 467 474 459 474 456 474 437 474
71 5 446 472 452 472 467 472 467 473 446 473
72 6 452 471 458 471 489 471 489 472 467 472 452 472
73 5 458 467 489 467 489 471 458 471 458 468
74 5 452 468 458 468 458 471 452 471 452 469
75 6 446 469 448 469 452 469 452 471 452 472 446 472
76 4 448 468 452 468 452 469 448 469
77 4 446 468 448 468 448 469 446 469
78 7 437 468 441 468 446 468 446 469 446 472 446 473 437 473
79 7 441 467 458 467 458 468 452 468 448 468 446 468 441 468
80 6 441 466 442 466 489 466 489 467 458 467 441 467
81 6 442 462 457 462 462 462 489 462 489 466 442 466
82 5 441 462 442 462 442 466 441 466 441 464
83 4 462 461 489 461 489 462 462 462
84 5 462 460 483 460 489 460 489 461 462 461
85 5 483 458 489 458 489 460 483 460 483 459
86 4 462 459 483 459 483 460 462 460
87 4 462 458 483 458 483 459 462 459
88 6 462 455 489 455 489 458 483 458 462 458 462 457
89 6 462 451 489 451 489 455 462 455 462 454 462 452
90 8 457 457 462 457 462 458 462 459 462 460 462 461 462 462 457 462
91 6 457 454 462 454 462 455 462 457 457 457 457 456
92 4 457 452 462 452 462 454 457 454
93 4 457 451 462 451 462 452 457 452
94 7 457 450 465 450 470 450 489 450 489 451 462 451 457 451
95 6 441 456 457 456 457 457 457 462 442 462 441 462
96 7 437 464 439 464 441 464 441 466 441 467 441 468 437 468
97 5 439 456 441 456 441 462 441 464 439 464
98 8 439 450 457 450 457 451 457 452 457 454 457 456 441 456 439 456
99 4 470 449 489 449 489 450 470 450
100 5 470 447 476 447 489 447 489 449 470 449
101 4 476 445 489 445 489 447 476 447
102 4 476 440 489 440 489 445 476 445
103 4 476 438 489 438 489 440 476 440
104 7 476 421 489 421 489 438 476 438 476 426 476 423 476 422
105 10 470 426 476 426 476 438 476 440 476 445 476 447 470 447 470 432 470 429 470 427
106 8 465 432 470 432 470 447 470 449 470 450 465 450 465 448 465 434
107 5 439 448 465 448 465 450 457 450 439 450
108 4 439 434 465 434 465 448 439 448
109 10 437 434 439 434 439 448 439 450 439 456 439 464 437 464 437 437 437 436 437 435
110 7 435 437 437 437 437 464 437 468 437 473 437 474 435 474
111 5 433 437 435 437 435 474 433 474 433 446
112 4 432 446 433 446 433 474 432 474
113 6 429 446 432 446 432 474 432 475 432 476 429 476
114 5 428 446 429 446 429 476 429 507 428 507
115 4 427 446 428 446 428 507 427 507
116 5 426 446 427 446 427 507 427 510 426 510
117 8 426 437 433 437 433 446 432 446 429 446 428 446 427 446 426 446
118 7 425 437 426 437 426 446 426 510 425 510 425 463 425 442
119 4 424 463 425 463 425 510 424 510
120 10 413 463 414 463 416 463 418 463 419 463 422 463 423 463 424 463 424 510 413 510
121 6 423 442 425 442 425 463 424 463 423 463 423 443
122 4 422 443 423 443 423 463 422 463
123 4 419 443 422 443 422 463 419 463
124 5 419 442 423 442 423 443 422 443 419 443
125 5 419 437 425 437 425 442 423 442 419 442
126 9 419 436 430 436 437 436 437 437 435 437 433 437 426 437 425 437 419 437
127 7 418 436 419 436 419 437 419 442 419 443 419 463 418 463
128 4 430 435 437 435 437 436 430 436
129 4 430 434 437 434 437 435 430 435
130 6 418 434 430 434 430 435 430 436 419 436 418 436
131 7 418 432 465 432 465 434 439 434 437 434 430 434 418 434
132 7 416 432 418 432 418 434 418 436 418 463 416 463 416 433
133 6 416 429 470 429 470 432 465 432 418 432 416 432
134 5 414 433 415 433 416 433 416 463 414 463
135 5 413 433 414 433 414 463 413 463 413 439
136 7 409 439 410 439 412 439 413 439 413 463 413 510 409 510
137 4 412 433 413 433 413 439 412 439
138 5 415 429 416 429 416 432 416 433 415 433
139 5 415 427 470 427 470 429 416 429 415 429
140 8 412 427 415 427 415 429 415 433 414 433 413 433 412 433 412 431
141 5 412 426 470 426 470 427 415 427 412 427
142 5 410 431 412 431 412 433 412 439 410 439
143 5 410 426 412 426 412 427 412 431 410 431
144 5 409 426 410 426 410 431 410 439 409 439
145 7 409 423 476 423 476 426 470 426 412 426 410 426 409 426
146 6 408 423 409 423 409 426 409 439 409 510 408 510
147 5 408 422 476 422 476 423 409 423 408 423
148 5 404 422 408 422 408 423 408 510 404 510
149 5 404 421 476 421 476 422 408 422 404 422
150 6 402 421 403 421 404 421 404 422 404 510 402 510
151 9 403 419 405 419 406 419 407 419 489 419 489 421 476 421 404 421 403 421
152 8 407 405 436 405 489 405 489 419 407 419 407 416 407 408 407 407
153 4 406 416 407 416 407 419 406 419
154 4 405 416 406 416 406 419 405 419
155 6 405 408 407 408 407 416 406 416 405 416 405 409
156 5 403 409 405 409 405 416 405 419 403 419
157 8 402 409 403 409 403 419 403 421 402 421 402 418 402 414 402 413
158 7 401 418 402 418 402 421 402 510 401 510 401 488 401 420
159 8 392 488 395 488 397 488 398 488 399 488 401 488 401 510 392 510
160 5 399 420 400 420 401 420 401 488 399 488
161 5 398 420 399 420 399 488 398 488 398 428
162 6 397 428 398 428 398 488 397 488 397 444 397 441
163 4 395 444 397 444 397 488 395 488
164 5 392 444 394 444 395 444 395 488 392 488
165 5 394 441 397 441 397 444 395 444 394 444
166 4 394 428 397 428 397 441 394 441
167 5 394 420 398 420 398 428 397 428 394 428
168 6 392 420 394 420 394 428 394 441 394 444 392 444
169 9 388 420 389 420 390 420 391 420 392 420 392 444 392 488 392 510 388 510
170 4 400 418 401 418 401 420 400 420
171 5 400 414 402 414 402 418 401 418 400 418
172 10 391 414 393 414 400 414 400 418 400 420 399 420 398 420 394 420 392 420 391 420
173 5 390 414 391 414 391 420 390 420 390 417
174 4 389 417 390 417 390 420 389 420
175 5 389 414 390 414 390 417 389 417 389 415
176 5 393 413 402 413 402 414 400 414 393 414
177 5 393 409 402 409 402 413 393 413 393 410
178 6 393 408 405 408 405 409 403 409 402 409 393 409
179 7 389 410 393 410 393 413 393 414 391 414 390 414 389 414
180 5 388 415 389 415 389 417 389 420 388 420
181 6 386 415 387 415 388 415 388 420 388 510 386 510
182 4 385 415 386 415 386 510 385 510
183 10 364 415 366 415 367 415 370 415 382 415 383 415 384 415 385 415 385 510 364 510
184 6 387 410 389 410 389 414 389 415 388 415 387 415
185 6 387 408 393 408 393 409 393 410 389 410 387 410
186 6 387 407 407 407 407 408 405 408 393 408 387 408
187 9 384 407 387 407 387 408 387 410 387 415 386 415 385 415 384 415 384 411
188 5 383 411 384 411 384 415 383 415 383 412
189 4 382 412 383 412 383 415 382 415
190 4 382 411 383 411 383 412 382 412
191 7 370 411 372 411 374 411 382 411 382 412 382 415 370 415
192 6 374 407 384 407 384 411 383 411 382 411 374 411
193 11 374 405 375 405 377 405 378 405 380 405 407 405 407 407 387 407 384 407 374 407 374 406
194 5 436 397 489 397 489 405 436 405 436 400
195 7 380 400 436 400 436 405 407 405 380 405 380 403 380 402
196 4 380 397 436 397 436 400 380 400
197 4 378 403 380 403 380 405 378 405
198 5 378 402 379 402 380 402 380 403 378 403
199 5 377 402 378 402 378 403 378 405 377 405
200 5 379 397 380 397 380 400 380 402 379 402
201 6 379 396 489 396 489 397 436 397 380 397 379 397
202 7 379 390 489 390 489 396 379 396 379 395 379 392 379 391
203 7 377 395 379 395 379 396 379 397 379 402 378 402 377 402
204 5 377 392 379 392 379 395 377 395 377 393
205 7 375 393 377 393 377 395 377 402 377 405 375 405 375 398
206 5 374 398 375 398 375 405 374 405 374 404
207 4 374 393 375 393 375 398 374 398
208 5 372 406 374 406 374 407 374 411 372 411
209 5 370 406 371 406 372 406 372 411 370 411
210 5 367 406 370 406 370 411 370 415 367 415
211 7 371 404 373 404 374 404 374 405 374 406 372 406 371 406
212 5 373 393 374 393 374 398 374 404 373 404
213 6 373 392 377 392 377 393 375 393 374 393 373 393
214 6 373 391 376 391 379 391 379 392 377 392 373 392
215 7 371 391 373 391 373 392 373 393 373 404 371 404 371 401
216 4 376 390 379 390 379 391 376 391
217 7 376 383 420 383 444 383 489 383 489 390 379 390 376 390
218 5 444 364 489 364 489 383 444 383 444 365
219 4 420 365 444 365 444 383 420 383
220 6 376 365 420 365 420 383 376 383 376 367 376 366
221 7 371 367 376 367 376 383 376 390 376 391 373 391 371 391
222 7 367 401 369 401 371 401 371 404 371 406 370 406 367 406
223 6 369 367 371 367 371 391 371 401 369 401 369 368
224 7 367 368 368 368 369 368 369 401 367 401 367 399 367 375
225 6 366 399 367 399 367 401 367 406 367 415 366 415
226 4 364 399 366 399 366 415 364 415
227 7 362 399 363 399 364 399 364 415 364 510 362 510 362 424
228 11 363 375 367 375 367 399 366 399 364 399 363 399 363 389 363 384 363 382 363 377 363 376
229 4 362 389 363 389 363 399 362 399
230 7 342 424 348 424 350 424 351 424 362 424 362 510 342 510
231 10 351 389 352 389 353 389 354 389 359 389 361 389 362 389 362 399 362 424 351 424
232 5 361 384 363 384 363 389 362 389 361 389
233 7 359 384 360 384 361 384 361 389 359 389 359 388 359 386
234 5 354 388 358 388 359 388 359 389 354 389
235 4 358 386 359 386 359 388 358 388
236 5 358 384 359 384 359 386 358 386 358 385
237 5 360 382 363 382 363 384 361 384 360 384
238 5 360 377 363 377 363 382 360 382 360 378
239 8 358 378 360 378 360 382 360 384 359 384 358 384 358 381 358 379
240 7 354 385 355 385 358 385 358 386 358 388 354 388 354 387
241 5 353 387 354 387 354 388 354 389 353 389
242 4 353 385 354 385 354 387 353 387
243 5 355 381 358 381 358 384 358 385 355 385
244 5 353 381 355 381 355 385 354 385 353 385
245 5 353 379 358 379 358 381 355 381 353 381
246 7 352 379 353 379 353 381 353 385 353 387 353 389 352 389
247 4 351 379 352 379 352 389 351 389
248 6 351 378 358 378 358 379 353 379 352 379 351 379
249 6 350 378 351 378 351 379 351 389 351 424 350 424
250 6 350 377 360 377 360 378 358 378 351 378 350 378
251 7 348 377 350 377 350 378 350 424 348 424 348 394 348 380
252 6 348 376 363 376 363 377 360 377 350 377 348 377
253 4 342 394 348 394 348 424 342 424
254 5 340 394 342 394 342 424 342 510 340 510
255 4 337 394 340 394 340 510 337 510
256 5 336 394 337 394 337 510 336 510 336 453
257 4 334 453 336 453 336 510 334 510
258 4 323 453 334 453 334 510 323 510
259 7 297 453 298 453 299 453 305 453 323 453 323 510 297 510
260 9 305 394 306 394 312 394 313 394 336 394 336 453 334 453 323 453 305 453
261 9 313 380 314 380 348 380 348 394 342 394 340 394 337 394 336 394 313 394
262 8 314 376 319 376 346 376 347 376 348 376 348 377 348 380 314 380
263 6 347 375 356 375 363 375 363 376 348 376 347 376
264 4 346 375 347 375 347 376 346 376
265 4 319 375 346 375 346 376 319 376
266 9 356 368 357 368 367 368 367 375 363 375 356 375 356 374 356 373 356 372
267 6 319 374 356 374 356 375 347 375 346 375 319 375
268 6 319 373 322 373 325 373 356 373 356 374 319 374
269 7 325 372 328 372 335 372 343 372 356 372 356 373 325 373
270 5 343 368 356 368 356 372 343 372 343 371
271 5 335 371 339 371 343 371 343 372 335 372
272 4 328 371 335 371 335 372 328 372
273 6 339 368 343 368 343 371 339 371 339 370 339 369
274 5 328 370 339 370 339 371 335 371 328 371
275 4 328 369 339 369 339 370 328 370
276 4 328 368 339 368 339 369 328 369
277 4 368 367 369 367 369 368 368 368
278 5 357 367 368 367 368 368 367 368 357 368
279 7 357 366 376 366 376 367 371 367 369 367 368 367 357 367
280 4 357 365 376 365 376 366 357 366
281 6 357 364 444 364 444 365 420 365 376 365 357 365
282 7 357 362 396 362 489 362 489 364 444 364 357 364 357 363
283 5 396 359 489 359 489 362 396 362 396 361
284 4 357 361 396 361 396 362 357 362
285 13 328 363 331 363 338 363 357 363 357 364 357 365 357 366 357 367 357 368 356 368 343 368 339 368 328 368
286 5 338 361 357 361 357 362 357 363 338 363
287 5 338 359 396 359 396 361 357 361 338 361
288 5 338 358 489 358 489 359 396 359 338 359
289 6 331 358 338 358 338 359 338 361 338 363 331 363
290 7 331 357 333 357 349 357 489 357 489 358 338 358 331 358
291 6 328 357 329 357 331 357 331 358 331 363 328 363
292 10 325 357 328 357 328 363 328 368 328 369 328 370 328 371 328 372 325 372 325 360
293 7 349 335 489 335 489 357 349 357 349 356 349 342 349 339
294 5 333 356 345 356 349 356 349 357 333 357
295 9 345 342 349 342 349 356 345 356 345 354 345 352 345 346 345 345 345 344
296 5 333 354 341 354 345 354 345 356 333 356
297 4 341 352 345 352 345 354 341 354
298 4 333 352 341 352 341 354 333 354
299 7 329 352 333 352 333 354 333 356 333 357 331 357 329 357
300 6 329 346 345 346 345 352 341 352 333 352 329 352
301 10 325 346 329 346 329 352 329 357 328 357 325 357 325 351 325 350 325 348 325 347
302 5 322 360 325 360 325 372 325 373 322 373
303 7 322 351 324 351 325 351 325 357 325 360 322 360 322 353
304 4 324 350 325 350 325 351 324 351
305 4 324 348 325 348 325 350 324 350
306 4 324 347 325 347 325 348 324 348
307 4 324 346 325 346 325 347 324 347
308 8 322 346 324 346 324 347 324 348 324 350 324 351 322 351 322 349
309 7 322 345 345 345 345 346 329 346 325 346 324 346 322 346
310 6 319 353 321 353 322 353 322 360 322 373 319 373
311 8 314 353 318 353 319 353 319 373 319 374 319 375 319 376 314 376
312 5 321 349 322 349 322 351 322 353 321 353
313 5 318 349 321 349 321 353 319 353 318 353
314 4 314 349 318 349 318 353 314 353
315 6 313 349 314 349 314 353 314 376 314 380 313 380
316 8 313 345 322 345 322 346 322 349 321 349 318 349 314 349 313 349
317 6 312 345 313 345 313 349 313 380 313 394 312 394
318 6 312 344 345 344 345 345 322 345 313 345 312 345
319 6 306 344 307 344 312 344 312 345 312 394 306 394
320 7 307 342 308 342 332 342 345 342 345 344 312 344 307 344
321 5 332 339 349 339 349 342 345 342 332 342
322 6 332 335 349 335 349 339 332 339 332 338 332 336
323 6 308 338 311 338 332 338 332 339 332 342 308 342
324 5 311 336 332 336 332 338 311 338 311 337
325 4 308 337 311 337 311 338 308 338
326 6 307 337 308 337 308 338 308 342 307 342 307 340
327 5 306 340 307 340 307 342 307 344 306 344
328 5 305 340 306 340 306 344 306 394 305 394
329 5 305 337 307 337 307 340 306 340 305 340
330 6 299 337 305 337 305 340 305 394 305 453 299 453
331 9 299 336 300 336 301 336 311 336 311 337 308 337 307 337 305 337 299 337
332 5 301 335 332 335 332 336 311 336 301 336
333 6 301 334 489 334 489 335 349 335 332 335 301 335
334 8 301 333 302 333 303 333 315 333 344 333 489 333 489 334 301 334
335 4 344 332 489 332 489 333 344 333
336 4 344 331 489 331 489 332 344 332
337 6 344 328 489 328 489 331 344 331 344 330 344 329
338 4 344 326 489 326 489 328 344 328
339 6 315 330 344 330 344 331 344 332 344 333 315 333
340 4 315 329 344 329 344 330 315 330
341 5 303 329 315 329 315 330 315 333 303 333
342 7 303 326 317 326 344 326 344 328 344 329 315 329 303 329
343 5 317 324 489 324 489 326 344 326 317 326
344 4 317 323 489 323 489 324 317 324
345 6 317 321 431 321 489 321 489 323 317 323 317 322
346 4 431 320 489 320 489 321 431 321
347 4 317 320 431 320 431 321 317 321
348 7 303 322 310 322 317 322 317 323 317 324 317 326 303 326
349 5 310 320 317 320 317 321 317 322 310 322
350 6 310 318 489 318 489 320 431 320 317 320 310 320
351 4 310 317 489 317 489 318 310 318
352 6 310 316 320 316 327 316 489 316 489 317 310 317
353 6 327 306 489 306 489 316 327 316 327 315 327 308
354 4 320 315 327 315 327 316 320 316
355 5 320 308 327 308 327 315 320 315 320 309
356 7 310 309 320 309 320 315 320 316 310 316 310 312 310 310
357 10 303 312 310 312 310 316 310 317 310 318 310 320 310 322 303 322 303 314 303 313
358 7 302 314 303 314 303 322 303 326 303 329 303 333 302 333
359 4 301 314 302 314 302 333 301 333
360 7 300 314 301 314 301 333 301 334 301 335 301 336 300 336
361 6 300 313 303 313 303 314 302 314 301 314 300 314
362 5 299 313 300 313 300 314 300 336 299 336
363 7 298 313 299 313 299 336 299 337 299 453 298 453 298 327
364 6 298 312 303 312 303 313 300 313 299 313 298 313
365 4 297 327 298 327 298 453 297 453
366 5 296 327 297 327 297 453 297 510 296 510
367 4 295 327 296 327 296 510 295 510
368 6 285 327 286 327 295 327 295 510 285 510 285 430
369 10 286 312 292 312 293 312 298 312 298 313 298 327 297 327 296 327 295 327 286 327
370 7 293 310 310 310 310 312 303 312 298 312 293 312 293 311
371 4 293 309 310 309 310 310 293 310
372 4 292 311 293 311 293 312 292 312
373 8 286 311 287 311 289 311 290 311 291 311 292 311 292 312 286 312
374 6 291 309 293 309 293 310 293 311 292 311 291 311
375 7 291 308 304 308 320 308 320 309 310 309 293 309 291 309
376 5 290 308 291 308 291 309 291 311 290 311
377 5 304 306 327 306 327 308 320 308 304 308
378 5 290 306 304 306 304 308 291 308 290 308
379 6 290 305 489 305 489 306 327 306 304 306 290 306
380 4 290 303 489 303 489 305 290 305
381 8 289 303 290 303 290 305 290 306 290 308 290 311 289 311 289 304
382 5 289 302 489 302 489 303 290 303 289 303
383 7 289 301 381 301 434 301 471 301 489 301 489 302 289 302
384 5 287 304 288 304 289 304 289 311 287 311
385 6 288 301 289 301 289 302 289 303 289 304 288 304
386 4 471 300 489 300 489 301 471 301
387 5 471 298 489 298 489 300 471 300 471 299
388 5 434 299 471 299 471 300 471 301 434 301
389 4 434 298 471 298 471 299 434 299
390 5 381 298 434 298 434 299 434 301 381 301
391 6 381 297 489 297 489 298 471 298 434 298 381 298
392 5 381 296 411 296 489 296 489 297 381 297
393 5 411 294 489 294 489 296 411 296 411 295
394 7 411 288 455 288 489 288 489 294 411 294 411 290 411 289
395 4 381 295 411 295 411 296 381 296
396 10 288 295 316 295 365 295 381 295 381 296 381 297 381 298 381 301 289 301 288 301
397 5 287 295 288 295 288 301 288 304 287 304
398 7 365 290 411 290 411 294 411 295 381 295 365 295 365 291
399 6 316 291 365 291 365 295 316 295 316 293 316 292
400 5 287 293 316 293 316 295 288 295 287 295
401 4 287 292 316 292 316 293 287 293
402 7 286 292 287 292 287 293 287 295 287 304 287 311 286 311
403 6 285 292 286 292 286 311 286 312 286 327 285 327
404 4 284 430 285 430 285 510 284 510
405 5 283 430 284 430 284 510 283 510 283 465
406 5 278 465 280 465 283 465 283 510 278 510
407 5 280 430 282 430 283 430 283 465 280 465
408 9 282 292 285 292 285 327 285 430 284 430 283 430 282 430 282 343 282 307
409 7 282 291 316 291 316 292 287 292 286 292 285 292 282 292
410 5 280 343 281 343 282 343 282 430 280 430
411 5 281 307 282 307 282 343 281 343 281 319
412 4 280 319 281 319 281 343 280 343
413 6 278 319 280 319 280 343 280 430 280 465 278 465
414 6 274 319 276 319 278 319 278 465 278 510 274 510
415 7 276 307 277 307 281 307 281 319 280 319 278 319 276 319
416 4 274 307 276 307 276 319 274 319
417 5 273 307 274 307 274 319 274 510 273 510
418 6 277 291 282 291 282 292 282 307 281 307 277 307
419 6 277 290 365 290 365 291 316 291 282 291 277 291
420 7 273 290 277 290 277 291 277 307 276 307 274 307 273 307
421 6 273 289 411 289 411 290 365 290 277 290 273 290
422 6 270 289 273 289 273 290 273 307 273 510 270 510
423 5 270 288 411 288 411 289 273 289 270 289
424 7 455 282 489 282 489 288 455 288 455 287 455 285 455 283
425 6 270 287 275 287 455 287 455 288 411 288 270 288
426 6 269 287 270 287 270 288 270 289 270 510 269 510
427 8 275 285 309 285 326 285 421 285 455 285 455 287 275 287 275 286
428 4 421 283 455 283 455 285 421 285
429 4 326 283 421 283 421 285 326 285
430 4 309 283 326 283 326 285 309 285
431 6 309 282 455 282 455 283 421 283 326 283 309 283
432 5 275 282 309 282 309 283 309 285 275 285
433 8 275 246 489 246 489 282 455 282 309 282 275 282 275 249 275 248
434 7 269 286 271 286 272 286 275 286 275 287 270 287 269 287
435 5 262 286 269 286 269 287 269 510 262 510
436 5 256 286 262 286 262 510 256 510 256 425
437 13 272 249 275 249 275 282 275 285 275 286 272 286 272 284 272 281 272 279 272 259 272 258 272 253 272 252
438 4 271 284 272 284 272 286 271 286
439 9 256 284 260 284 261 284 268 284 271 284 271 286 269 286 262 286 256 286
440 5 268 281 272 281 272 284 271 284 268 284
441 4 268 279 272 279 272 281 268 281
442 6 268 259 272 259 272 279 268 279 268 278 268 260
443 9 261 278 263 278 266 278 267 278 268 278 268 279 268 281 268 284 261 284
444 5 267 260 268 260 268 278 267 278 267 261
445 11 266 261 267 261 267 278 266 278 266 275 266 273 266 272 266 270 266 269 266 264 266 263
446 6 263 275 266 275 266 278 263 278 263 277 263 276
447 4 261 277 263 277 263 278 261 278
448 4 261 276 263 276 263 277 261 277
449 7 260 276 261 276 261 277 261 278 261 284 260 284 260 280
450 5 260 275 263 275 263 276 261 276 260 276
451 5 260 273 266 273 266 275 263 275 260 275
452 4 256 280 260 280 260 284 256 284
453 7 229 425 231 425 232 425 234 425 256 425 256 510 229 510
454 10 234 280 236 280 237 280 248 280 255 280 256 280 256 284 256 286 256 425 234 425
455 8 255 273 260 273 260 275 260 276 260 280 256 280 255 280 255 274
456 5 255 272 266 272 266 273 260 273 255 273
457 6 248 274 252 274 254 274 255 274 255 280 248 280
458 5 254 272 255 272 255 273 255 274 254 274
459 5 254 270 266 270 266 272 255 272 254 272
460 5 254 269 257 269 266 269 266 270 254 270
461 6 252 269 254 269 254 270 254 272 254 274 252 274
462 4 257 264 266 264 266 269 257 269
463 5 252 264 257 264 257 269 254 269 252 269
464 6 248 264 252 264 252 269 252 274 248 274 248 267
465 6 237 267 246 267 248 267 248 274 248 280 237 280
466 6 246 264 248 264 248 267 246 267 246 266 246 265
467 10 246 263 251 263 253 263 265 263 266 263 266 264 257 264 252 264 248 264 246 264
468 7 237 266 239 266 240 266 241 266 246 266 246 267 237 267
469 4 241 265 246 265 246 266 241 266
470 6 241 263 244 263 246 263 246 264 246 265 241 265
471 5 240 263 241 263 241 265 241 266 240 266
472 4 265 261 266 261 266 263 265 263
473 5 265 260 267 260 267 261 266 261 265 261
474 5 265 259 268 259 268 260 267 260 265 260
475 5 265 258 272 258 272 259 268 259 265 259
476 7 253 258 265 258 265 259 265 260 265 261 265 263 253 263
477 4 251 258 253 258 253 263 251 263
478 7 251 253 272 253 272 258 265 258 253 258 251 258 251 256
479 8 244 256 250 256 251 256 251 258 251 263 246 263 244 263 244 257
480 6 240 257 243 257 244 257 244 263 241 263 240 263
481 4 243 256 244 256 244 257 243 257
482 4 240 256 243 256 243 257 240 257
483 5 250 253 251 253 251 256 250 256 250 255
484 7 240 255 249 255 250 255 250 256 244 256 243 256 240 256
485 7 239 255 240 255 240 256 240 257 240 263 240 266 239 266
486 4 249 253 250 253 250 255 249 255
487 7 239 253 245 253 247 253 249 253 249 255 240 255 239 255
488 8 247 252 264 252 272 252 272 253 251 253 250 253 249 253 247 253
489 4 264 249 272 249 272 252 264 252
490 4 247 249 264 249 264 252 247 252
491 6 247 248 275 248 275 249 272 249 264 249 247 249
492 7 245 248 247 248 247 249 247 252 247 253 245 253 245 251
493 5 245 246 275 246 275 248 247 248 245 248
494 5 245 242 489 242 489 246 275 246 245 246
495 9 245 223 489 223 489 242 245 242 245 237 245 236 245 227 245 226 245 225
496 4 239 251 245 251 245 253 239 253
497 11 239 237 245 237 245 242 245 246 245 248 245 251 239 251 239 247 239 245 239 243 239 240
498 8 237 247 239 247 239 251 239 253 239 255 239 266 237 266 237 254
499 6 236 254 237 254 237 266 237 267 237 280 236 280
500 4 236 247 237 247 237 254 236 254
501 6 234 247 236 247 236 254 236 280 234 280 234 262
502 6 234 245 239 245 239 247 237 247 236 247 234 247
503 5 232 262 234 262 234 280 234 425 232 425
504 4 231 262 232 262 232 425 231 425
505 5 229 262 230 262 231 262 231 425 229 425
506 5 227 262 229 262 229 425 229 510 227 510
507 7 230 245 234 245 234 247 234 262 232 262 231 262 230 262
508 6 230 243 235 243 239 243 239 245 234 245 230 245
509 6 227 243 230 243 230 245 230 262 229 262 227 262
510 6 226 243 227 243 227 262 227 510 226 510 226 271
511 4 225 271 226 271 226 510 225 510
512 6 224 271 225 271 225 510 224 510 224 341 224 325
513 10 197 341 198 341 216 341 218 341 219 341 220 341 224 341 224 510 197 510 197 502
514 4 220 325 224 325 224 341 220 341
515 7 220 271 221 271 222 271 223 271 224 271 224 325 220 325
516 6 223 243 226 243 226 271 225 271 224 271 223 271
517 5 235 240 238 240 239 240 239 243 235 243
518 8 223 240 235 240 235 243 230 243 227 243 226 243 223 243 223 241
519 6 222 241 223 241 223 243 223 271 222 271 222 244
520 5 221 244 222 244 222 271 221 271 221 250
521 4 220 250 221 250 221 271 220 271
522 6 219 250 220 250 220 271 220 325 220 341 219 341
523 5 219 244 221 244 221 250 220 250 219 250
524 5 218 244 219 244 219 250 219 341 218 341
525 4 216 244 218 244 218 341 216 341
526 8 198 244 199 244 200 244 202 244 208 244 216 244 216 341 198 341
527 12 208 241 209 241 210 241 213 241 217 241 222 241 222 244 221 244 219 244 218 244 216 244 208 244
528 5 217 240 223 240 223 241 222 241 217 241
529 4 238 237 239 237 239 240 238 240
530 7 217 237 233 237 238 237 238 240 235 240 223 240 217 240
531 6 233 236 245 236 245 237 239 237 238 237 233 237
532 4 217 236 233 236 233 237 217 237
533 9 217 227 245 227 245 236 233 236 217 236 217 235 217 233 217 230 217 228
534 8 213 235 217 235 217 236 217 237 217 240 217 241 213 241 213 238
535 4 213 233 217 233 217 235 213 235
536 4 210 238 213 238 213 241 210 241
537 4 209 238 210 238 210 241 209 241
538 6 209 233 213 233 213 235 213 238 210 238 209 238
539 5 208 233 209 233 209 238 209 241 208 241
540 10 208 230 214 230 215 230 217 230 217 233 213 233 209 233 208 233 208 232 208 231
541 6 202 232 208 232 208 233 208 241 208 244 202 244
542 6 200 232 201 232 202 232 202 244 200 244 200 239
543 8 201 231 203 231 204 231 207 231 208 231 208 232 202 232 201 232
544 4 207 230 208 230 208 231 207 231
545 5 204 230 205 230 207 230 207 231 204 231
546 4 215 228 217 228 217 230 215 230
547 5 214 228 215 228 215 230 214 230 214 229
548 6 205 229 214 229 214 230 208 230 207 230 205 230
549 6 205 228 206 228 212 228 214 228 214 229 205 229
550 6 212 227 217 227 217 228 215 228 214 228 212 228
551 5 212 226 245 226 245 227 217 227 212 227
552 5 206 226 212 226 212 227 212 228 206 228
553 4 205 226 206 226 206 228 205 228
554 6 204 226 205 226 205 228 205 229 205 230 204 230
555 7 204 225 245 225 245 226 212 226 206 226 205 226 204 226
556 6 203 225 204 225 204 226 204 230 204 231 203 231
557 5 203 223 245 223 245 225 204 225 203 225
558 5 203 222 489 222 489 223 245 223 203 223
559 6 201 222 203 222 203 223 203 225 203 231 201 231
560 5 201 221 489 221 489 222 203 222 201 222
561 5 201 216 489 216 489 221 201 221 201 220
562 7 200 220 201 220 201 221 201 222 201 231 201 232 200 232
563 4 199 239 200 239 200 244 199 244
564 6 199 220 200 220 200 232 200 239 199 239 199 224
565 5 198 224 199 224 199 239 199 244 198 244
566 5 197 224 198 224 198 244 198 341 197 341
567 4 195 502 197 502 197 510 195 510
568 5 195 224 197 224 197 341 197 502 195 502
569 18 129 224 130 224 131 224 132 224 134 224 135 224 147 224 148 224 152 224 154 224 172 224 176 224 183 224 195 224 195 502 195 510 129 510 129 355
570 8 183 220 196 220 199 220 199 224 198 224 197 224 195 224 183 224
571 9 196 216 201 216 201 220 200 220 199 220 196 220 196 219 196 218 196 217
572 5 196 215 489 215 489 216 201 216 196 216
573 4 183 219 196 219 196 220 183 220
574 5 183 218 189 218 196 218 196 219 183 219
575 8 176 218 177 218 182 218 183 218 183 219 183 220 183 224 176 224
576 6 189 217 192 217 194 217 196 217 196 218 189 218
577 5 182 217 189 217 189 218 183 218 182 218
578 5 194 215 196 215 196 216 196 217 194 217
579 7 194 214 211 214 279 214 489 214 489 215 196 215 194 215
580 5 192 214 194 214 194 215 194 217 192 217
581 5 279 212 489 212 489 214 279 214 279 213
582 4 279 211 489 211 489 212 279 212
583 8 279 200 489 200 489 211 279 211 279 210 279 209 279 206 279 202
584 4 211 213 279 213 279 214 211 214
585 6 192 213 193 213 211 213 211 214 194 214 192 214
586 7 193 210 279 210 279 211 279 212 279 213 211 213 193 213
587 4 193 209 279 209 279 210 193 210
588 5 192 209 193 209 193 210 193 213 192 213
589 7 192 206 279 206 279 209 193 209 192 209 192 208 192 207
590 9 182 208 184 208 192 208 192 209 192 213 192 214 192 217 189 217 182 217
591 5 177 208 182 208 182 217 182 218 177 218
592 4 184 207 192 207 192 208 184 208
593 6 177 207 178 207 184 207 184 208 182 208 177 208
594 7 178 206 179 206 181 206 192 206 192 207 184 207 178 207
595 7 181 202 185 202 279 202 279 206 192 206 181 206 181 203
596 7 185 200 187 200 259 200 279 200 279 202 185 202 185 201
597 4 181 201 185 201 185 202 181 202
598 4 179 203 181 203 181 206 179 206
599 5 179 201 181 201 181 202 181 203 179 203
600 5 179 200 185 200 185 201 181 201 179 201
601 5 259 198 489 198 489 200 279 200 259 200
602 5 259 194 489 194 489 198 259 198 259 196
603 6 187 196 259 196 259 198 259 200 187 200 187 197
604 5 179 197 187 197 187 200 185 200 179 200
605 8 178 197 179 197 179 200 179 201 179 203 179 206 178 206 178 199
606 6 178 196 186 196 187 196 187 197 179 197 178 197
607 6 186 194 188 194 259 194 259 196 187 196 186 196
608 5 188 193 489 193 489 194 259 194 188 194
609 5 188 192 228 192 489 192 489 193 188 193
610 4 228 190 489 190 489 192 228 192
611 4 188 190 228 190 228 192 188 192
612 6 188 188 190 188 489 188 489 190 228 190 188 190
613 7 190 176 489 176 489 188 190 188 190 187 190 182 190 180
614 4 188 187 190 187 190 188 188 188
615 8 186 187 188 187 188 188 188 190 188 192 188 193 188 194 186 194
616 6 186 182 190 182 190 187 188 187 186 187 186 186
617 6 178 186 186 186 186 187 186 194 186 196 178 196
618 4 178 182 186 182 186 186 178 186
619 5 177 199 178 199 178 206 178 207 177 207
620 6 176 199 177 199 177 207 177 208 177 218 176 218
621 7 172 199 173 199 174 199 176 199 176 218 176 224 172 224
622 5 154 199 165 199 172 199 172 224 154 224
623 13 174 182 178 182 178 186 178 196 178 197 178 199 177 199 176 199 174 199 174 191 174 185 174 184 174 183
624 8 174 180 175 180 190 180 190 182 186 182 178 182 174 182 174 181
625 5 173 191 174 191 174 199 173 199 173 195
626 4 173 185 174 185 174 191 173 191
627 4 173 184 174 184 174 185 173 185
628 5 165 195 173 195 173 199 172 199 165 199
629 9 165 184 168 184 169 184 173 184 173 185 173 191 173 195 165 195 165 189
630 5 169 183 174 183 174 184 173 184 169 184
631 4 168 183 169 183 169 184 168 184
632 6 168 181 174 181 174 182 174 183 169 183 168 183
633 5 165 181 168 181 168 183 168 184 165 184
634 6 165 180 170 180 174 180 174 181 168 181 165 181
635 5 154 189 165 189 165 195 165 199 154 199
636 9 154 180 155 180 156 180 161 180 165 180 165 181 165 184 165 189 154 189
637 5 175 176 190 176 190 180 175 180 175 178
638 5 170 178 175 178 175 180 174 180 170 180
639 6 170 176 171 176 175 176 175 178 170 178 170 177
640 8 171 170 489 170 489 176 190 176 175 176 171 176 171 175 171 172
641 4 170 175 171 175 171 176 170 176
642 6 161 177 170 177 170 178 170 180 165 180 161 180
643 5 161 175 170 175 170 176 170 177 161 177
644 7 161 172 163 172 166 172 171 172 171 175 170 175 161 175
645 4 166 170 171 170 171 172 166 172
646 5 166 169 489 169 489 170 171 170 166 170
647 4 166 164 489 164 489 169 166 169
648 7 163 164 166 164 166 169 166 170 166 172 163 172 163 171
649 6 163 163 486 163 489 163 489 164 166 164 163 164
650 4 161 171 163 171 163 172 161 172
651 7 161 163 163 163 163 164 163 171 161 171 161 167 161 165
652 9 156 167 157 167 161 167 161 171 161 172 161 175 161 177 161 180 156 180
653 4 157 165 161 165 161 167 157 167
654 5 157 163 158 163 161 163 161 165 157 165
655 4 486 162 489 162 489 163 486 163
656 4 486 160 489 160 489 162 486 162
657 9 158 160 167 160 191 160 486 160 486 162 486 163 163 163 161 163 158 163
658 5 191 154 489 154 489 160 486 160 191 160
659 7 167 154 191 154 191 160 167 160 167 158 167 156 167 155
660 5 158 158 159 158 167 158 167 160 158 160
661 5 157 158 158 158 158 160 158 163 157 163
662 4 159 156 167 156 167 158 159 158
663 5 157 156 159 156 159 158 158 158 157 158
664 5 157 155 167 155 167 156 159 156 157 156
665 8 156 155 157 155 157 156 157 158 157 163 157 165 157 167 156 167
666 5 156 154 167 154 167 155 157 155 156 155
667 6 156 152 489 152 489 154 191 154 167 154 156 154
668 8 155 152 156 152 156 154 156 155 156 167 156 180 155 180 155 174
669 6 155 150 489 150 489 152 156 152 155 152 155 151
670 4 155 148 489 148 489 150 155 150
671 6 155 147 164 147 417 147 489 147 489 148 155 148
672 4 154 174 155 174 155 180 154 180
673 7 152 174 154 174 154 180 154 189 154 199 154 224 152 224
674 6 152 151 155 151 155 152 155 174 154 174 152 174
675 5 148 151 152 151 152 174 152 224 148 224
676 4 147 151 148 151 148 224 147 224
677 11 147 147 149 147 151 147 153 147 155 147 155 148 155 150 155 151 152 151 148 151 147 151
678 5 135 147 147 147 147 151 147 224 135 224
679 4 417 145 489 145 489 147 417 147
680 5 417 142 489 142 489 145 417 145 417 144
681 5 164 144 417 144 417 145 417 147 164 147
682 5 164 142 294 142 417 142 417 144 164 144
683 7 294 138 489 138 489 142 417 142 294 142 294 140 294 139
684 4 164 140 294 140 294 142 164 142
685 7 153 140 164 140 164 142 164 144 164 147 155 147 153 147
686 5 153 139 294 139 294 140 164 140 153 140
687 5 151 139 153 139 153 140 153 147 151 147
688 5 151 138 294 138 294 139 153 139 151 139
689 7 151 132 258 132 489 132 489 138 294 138 151 138 151 137
690 8 258 90 489 90 489 132 258 132 258 131 258 129 258 128 258 99
691 4 151 131 258 131 258 132 151 132
692 7 149 137 151 137 151 138 151 139 151 147 149 147 149 143
693 11 135 143 137 143 138 143 140 143 141 143 144 143 146 143 149 143 149 147 147 147 135 147
694 4 146 137 149 137 149 143 146 143
695 4 144 137 146 137 146 143 144 143
696 8 144 131 151 131 151 132 151 137 149 137 146 137 144 137 144 136
697 6 144 129 180 129 258 129 258 131 151 131 144 131
698 7 141 136 142 136 143 136 144 136 144 137 144 143 141 143
699 4 140 136 141 136 141 143 140 143
700 6 143 129 144 129 144 131 144 136 143 136 143 130
701 4 142 130 143 130 143 136 142 136
702 6 140 130 142 130 142 136 141 136 140 136 140 134
703 5 140 129 143 129 143 130 142 130 140 130
704 4 180 128 258 128 258 129 180 129
705 11 180 99 242 99 258 99 258 128 180 128 180 121 180 119 180 118 180 108 180 105 180 101
706 7 140 121 180 121 180 128 180 129 144 129 143 129 140 129
707 5 138 134 140 134 140 136 140 143 138 143
708 9 138 121 140 121 140 129 140 130 140 134 138 134 138 127 138 126 138 122
709 5 137 127 138 127 138 134 138 143 137 143
710 4 135 127 137 127 137 143 135 143
711 6 134 127 135 127 135 143 135 147 135 224 134 224
712 7 134 126 136 126 138 126 138 127 137 127 135 127 134 127
713 5 136 122 138 122 138 126 136 126 136 123
714 4 134 123 136 123 136 126 134 126
715 8 132 123 134 123 134 126 134 127 134 224 132 224 132 168 132 157
716 4 131 168 132 168 132 224 131 224
717 4 130 168 131 168 131 224 130 224
718 4 129 168 130 168 130 224 129 224
719 4 126 355 129 355 129 510 126 510
720 4 125 355 126 355 126 510 125 510
721 4 124 355 125 355 125 510 124 510
722 7 124 168 129 168 129 224 129 355 126 355 125 355 124 355
723 8 116 168 117 168 118 168 123 168 124 168 124 355 124 510 116 510
724 8 123 157 132 157 132 168 131 168 130 168 129 168 124 168 123 168
725 7 123 123 127 123 128 123 132 123 132 157 123 157 123 133
726 7 128 122 133 122 136 122 136 123 134 123 132 123 128 123
727 5 133 121 138 121 138 122 136 122 133 122
728 6 133 119 180 119 180 121 140 121 138 121 133 121
729 4 133 118 180 118 180 119 133 119
730 6 133 108 150 108 180 108 180 118 133 118 133 109
731 8 128 109 133 109 133 118 133 119 133 121 133 122 128 122 128 117
732 5 127 117 128 117 128 122 128 123 127 123
733 4 123 117 127 117 127 123 123 123
734 6 118 133 119 133 123 133 123 157 123 168 118 168
735 7 119 117 120 117 122 117 123 117 123 123 123 133 119 133
736 4 118 117 119 117 119 133 118 133
737 8 122 109 128 109 128 117 127 117 123 117 122 117 122 116 122 110
738 4 120 116 122 116 122 117 120 117
739 7 120 110 121 110 122 110 122 116 120 116 120 115 120 113
740 6 118 115 120 115 120 116 120 117 119 117 118 117
741 6 117 115 118 115 118 117 118 133 118 168 117 168
742 4 116 115 117 115 117 168 116 168
743 5 115 115 116 115 116 168 116 510 115 510
744 6 114 115 115 115 115 510 114 510 114 268 114 146
745 8 114 113 120 113 120 115 118 115 117 115 116 115 115 115 114 115
746 4 111 268 114 268 114 510 111 510
747 8 111 146 113 146 114 146 114 268 111 268 111 234 111 204 111 159
748 5 106 234 111 234 111 268 111 510 106 510
749 4 106 204 111 204 111 234 106 234
750 8 100 204 101 204 105 204 106 204 106 234 106 510 100 510 100 205
751 5 105 159 111 159 111 204 106 204 105 204
752 4 101 159 105 159 105 204 101 204
753 5 100 159 101 159 101 204 100 204 100 173
754 8 90 205 94 205 96 205 97 205 99 205 100 205 100 510 90 510
755 5 99 173 100 173 100 204 100 205 99 205
756 4 97 173 99 173 99 205 97 205
757 5 97 159 100 159 100 173 99 173 97 173
758 8 97 146 110 146 111 146 111 159 105 159 101 159 100 159 97 159
759 6 96 146 97 146 97 159 97 173 97 205 96 205
760 6 113 113 114 113 114 115 114 146 113 146 113 114
761 6 113 110 120 110 120 113 114 113 113 113 113 111
762 4 121 109 122 109 122 110 121 110
763 5 113 109 121 109 121 110 120 110 113 110
764 7 113 108 133 108 133 109 128 109 122 109 121 109 113 109
765 6 110 114 113 114 113 146 111 146 110 146 110 141
766 5 96 141 110 141 110 146 97 146 96 146
767 5 94 141 96 141 96 146 96 205 94 205
768 7 94 114 98 114 102 114 110 114 110 141 96 141 94 141
769 7 90 114 92 114 93 114 94 114 94 141 94 205 90 205
770 6 89 114 90 114 90 205 90 510 89 510 89 149
771 8 78 149 79 149 81 149 84 149 85 149 89 149 89 510 78 510
772 5 85 114 89 114 89 149 85 149 85 125
773 7 102 111 104 111 113 111 113 113 113 114 110 114 102 114
774 4 98 111 102 111 102 114 98 114
775 5 93 111 98 111 98 114 94 114 93 114
776 6 104 108 113 108 113 109 113 110 113 111 104 111
777 4 150 105 180 105 180 108 150 108
778 6 104 105 150 105 150 108 133 108 113 108 104 108
779 10 93 105 95 105 104 105 104 108 104 111 102 111 98 111 93 111 93 107 93 106
780 6 95 101 180 101 180 105 150 105 104 105 95 105
781 4 95 99 180 99 180 101 95 101
782 7 242 90 258 90 258 99 242 99 242 93 242 92 242 91
783 7 95 93 242 93 242 99 180 99 95 99 95 97 95 94
784 7 93 97 95 97 95 99 95 101 95 105 93 105 93 98
785 5 92 107 93 107 93 111 93 114 92 114
786 6 85 107 92 107 92 114 90 114 89 114 85 114
787 7 85 106 86 106 88 106 93 106 93 107 92 107 85 107
788 4 84 125 85 125 85 149 84 149
789 6 84 106 85 106 85 107 85 114 85 125 84 125
790 5 81 106 84 106 84 125 84 149 81 149
791 4 79 106 81 106 81 149 79 149
792 5 88 98 93 98 93 105 93 106 88 106
793 4 88 97 93 97 93 98 88 98
794 6 86 97 88 97 88 98 88 106 86 106 86 103
795 6 86 94 95 94 95 97 93 97 88 97 86 97
796 8 79 103 82 103 86 103 86 106 85 106 84 106 81 106 79 106
797 7 82 94 86 94 86 97 86 103 82 103 82 102 82 95
798 5 82 93 95 93 95 94 86 94 82 94
799 4 79 102 82 102 82 103 79 103
800 6 78 102 79 102 79 103 79 106 79 149 78 149
801 5 77 102 78 102 78 149 78 510 77 510
802 5 76 102 77 102 77 510 76 510 76 120
803 5 71 120 74 120 76 120 76 510 71 510
804 5 74 102 75 102 76 102 76 120 74 120
805 8 75 95 82 95 82 102 79 102 78 102 77 102 76 102 75 102
806 5 75 93 82 93 82 94 82 95 75 95
807 6 75 92 242 92 242 93 95 93 82 93 75 93
808 6 75 91 108 91 139 91 242 91 242 92 75 92
809 7 74 91 75 91 75 92 75 93 75 95 75 102 74 102
810 5 139 90 145 90 242 90 242 91 139 91
811 8 145 88 162 88 330 88 489 88 489 90 258 90 242 90 145 90
812 4 139 88 145 88 145 90 139 90
813 4 330 78 489 78 489 88 330 88
814 6 162 78 330 78 330 88 162 88 162 82 162 79
815 6 162 72 489 72 489 78 330 78 162 78 162 73
816 5 139 82 162 82 162 88 145 88 139 88
817 7 108 82 139 82 139 88 139 90 139 91 108 91 108 84
818 5 108 79 162 79 162 82 139 82 108 82
819 10 74 84 80 84 83 84 87 84 108 84 108 91 75 91 74 91 74 89 74 85
820 8 71 89 72 89 73 89 74 89 74 91 74 102 74 120 71 120
821 4 73 85 74 85 74 89 73 89
822 4 73 84 74 84 74 85 73 85
823 6 72 84 73 84 73 85 73 89 72 89 72 87
824 7 87 79 108 79 108 82 108 84 87 84 87 81 87 80
825 4 83 81 87 81 87 84 83 84
826 4 83 80 87 80 87 81 83 81
827 5 80 80 83 80 83 81 83 84 80 84
828 5 80 79 87 79 87 80 83 80 80 80
829 10 80 73 160 73 162 73 162 78 162 79 108 79 87 79 80 79 80 75 80 74
830 9 72 75 80 75 80 79 80 80 80 84 74 84 73 84 72 84 72 83
831 4 71 87 72 87 72 89 71 89
832 6 70 87 71 87 71 89 71 120 71 510 70 510
833 6 70 83 72 83 72 84 72 87 71 87 70 87
834 5 68 83 70 83 70 87 70 510 68 510
835 7 61 83 63 83 66 83 67 83 68 83 68 510 61 510
836 7 67 75 72 75 72 83 70 83 68 83 67 83 67 77
837 4 66 77 67 77 67 83 66 83
838 5 66 75 67 75 67 77 66 77 66 76
839 6 66 74 80 74 80 75 72 75 67 75 66 75
840 5 63 76 66 76 66 77 66 83 63 83
841 5 63 74 66 74 66 75 66 76 63 76
842 5 63 73 80 73 80 74 66 74 63 74
843 4 160 72 162 72 162 73 160 73
844 12 160 60 489 60 489 72 162 72 160 72 160 71 160 70 160 68 160 67 160 66 160 65 160 62
845 7 63 71 109 71 160 71 160 72 160 73 80 73 63 73
846 7 61 71 63 71 63 73 63 74 63 76 63 83 61 83
847 5 60 71 61 71 61 83 61 510 60 510
848 4 109 70 160 70 160 71 109 71
849 6 60 70 109 70 109 71 63 71 61 71 60 71
850 5 60 68 160 68 160 70 109 70 60 70
851 7 58 68 60 68 60 70 60 71 60 510 58 510 58 100
852 6 55 100 58 100 58 510 55 510 55 135 55 104
853 4 54 135 55 135 55 510 54 510
854 4 52 135 54 135 54 510 52 510
855 4 51 135 52 135 52 510 51 510
856 6 51 104 55 104 55 135 54 135 52 135 51 135
857 6 47 104 51 104 51 135 51 510 47 510 47 124
858 4 44 124 47 124 47 510 44 510
859 5 44 104 45 104 47 104 47 124 44 124
860 5 43 104 44 104 44 124 44 510 43 510
861 8 45 100 48 100 50 100 55 100 55 104 51 104 47 104 45 104
862 5 50 68 58 68 58 100 55 100 50 100
863 6 50 67 160 67 160 68 60 68 58 68 50 68
864 4 50 66 160 66 160 67 50 67
865 6 48 66 50 66 50 67 50 68 50 100 48 100
866 8 48 65 56 65 57 65 69 65 160 65 160 66 50 66 48 66
867 5 69 62 160 62 160 65 69 65 69 63
868 5 69 60 160 60 160 62 69 62 69 61
869 5 69 59 489 59 489 60 160 60 69 60
870 5 69 58 112 58 489 58 489 59 69 59
871 4 57 63 69 63 69 65 57 65
872 6 57 61 65 61 69 61 69 62 69 63 57 63
873 6 65 58 69 58 69 59 69 60 69 61 65 61
874 4 112 56 489 56 489 58 112 58
875 11 112 45 489 45 489 56 112 56 112 55 112 54 112 50 112 49 112 48 112 47 112 46
876 6 65 55 112 55 112 56 112 58 69 58 65 58
877 5 57 55 65 55 65 58 65 61 57 61
878 6 56 55 57 55 57 61 57 63 57 65 56 65
879 7 56 54 103 54 112 54 112 55 65 55 57 55 56 55
880 5 103 50 112 50 112 54 103 54 103 52
881 4 103 49 112 49 112 50 103 50
882 4 56 52 103 52 103 54 56 54
883 5 56 49 103 49 103 50 103 52 56 52
884 8 48 49 56 49 56 52 56 54 56 55 56 65 48 65 48 64
885 7 48 48 91 48 112 48 112 49 103 49 56 49 48 49
886 6 45 64 48 64 48 65 48 66 48 100 45 100
887 6 43 64 45 64 45 100 45 104 44 104 43 104
888 7 42 64 43 64 43 104 43 510 42 510 42 166 42 153
889 7 42 48 48 48 48 49 48 64 45 64 43 64 42 64
890 5 91 47 107 47 112 47 112 48 91 48
891 4 107 46 112 46 112 47 107 47
892 4 107 45 112 45 112 46 107 46
893 8 107 41 447 41 489 41 489 45 112 45 107 45 107 43 107 42
894 7 91 43 107 43 107 45 107 46 107 47 91 47 91 44
895 4 91 42 107 42 107 43 91 43
896 7 42 44 62 44 91 44 91 47 91 48 48 48 42 48
897 4 41 166 42 166 42 510 41 510
898 4 41 153 42 153 42 166 41 166
899 5 39 153 41 153 41 166 41 510 39 510
900 4 38 153 39 153 39 510 38 510
901 9 38 44 42 44 42 48 42 64 42 153 41 153 39 153 38 153 38 53
902 6 37 53 38 53 38 153 38 510 37 510 37 179
903 13 22 179 23 179 24 179 25 179 26 179 28 179 29 179 35 179 36 179 37 179 37 510 22 510 22 470
904 4 36 53 37 53 37 179 36 179
905 5 35 53 36 53 36 179 35 179 35 69
906 6 29 69 30 69 32 69 35 69 35 179 29 179
907 5 32 53 33 53 35 53 35 69 32 69
908 7 33 44 38 44 38 53 37 53 36 53 35 53 33 53
909 5 62 42 91 42 91 43 91 44 62 44
910 5 62 41 107 41 107 42 91 42 62 42
911 4 447 39 489 39 489 41 447 41
912 4 447 38 489 38 489 39 447 39
913 6 62 38 447 38 447 39 447 41 107 41 62 41
914 5 62 37 489 37 489 38 447 38 62 38
915 10 33 37 59 37 62 37 62 38 62 41 62 42 62 44 42 44 38 44 33 44
916 6 59 36 64 36 489 36 489 37 62 37 59 37
917 6 64 31 489 31 489 36 64 36 64 34 64 33
918 4 59 34 64 34 64 36 59 36
919 5 33 34 59 34 59 36 59 37 33 37
920 6 33 33 53 33 64 33 64 34 59 34 33 34
921 7 32 33 33 33 33 34 33 37 33 44 33 53 32 53
922 5 53 31 64 31 64 33 53 33 53 32
923 6 32 32 49 32 53 32 53 33 33 33 32 33
924 6 30 32 32 32 32 33 32 53 32 69 30 69
925 4 29 32 30 32 30 69 29 69
926 6 28 32 29 32 29 69 29 179 28 179 28 86
927 4 49 31 53 31 53 32 49 32
928 6 49 29 489 29 489 31 64 31 53 31 49 31
929 4 49 28 489 28 489 29 49 29
930 9 28 28 49 28 49 29 49 31 49 32 32 32 30 32 29 32 28 32
931 5 26 86 27 86 28 86 28 179 26 179
932 6 27 28 28 28 28 32 28 86 27 86 27 35
933 6 27 27 489 27 489 28 49 28 28 28 27 28
934 4 27 26 489 26 489 27 27 27
935 5 26 35 27 35 27 86 26 86 26 51
936 5 25 51 26 51 26 86 26 179 25 179
937 4 24 51 25 51 25 179 24 179
938 5 23 51 24 51 24 179 23 179 23 161
939 4 22 161 23 161 23 179 22 179
940 5 16 470 18 470 22 470 22 510 16 510
941 4 0 470 16 470 16 510 0 510
942 6 18 161 21 161 22 161 22 179 22 470 18 470
943 6 21 51 23 51 23 161 22 161 21 161 21 96
944 7 21 35 26 35 26 51 25 51 24 51 23 51 21 51
945 7 21 26 27 26 27 27 27 28 27 35 26 35 21 35
946 6 18 96 19 96 21 96 21 161 18 161 18 112
947 8 19 26 21 26 21 35 21 51 21 96 19 96 19 57 19 40
948 6 19 24 489 24 489 26 27 26 21 26 19 26
949 5 19 19 489 19 489 24 19 24 19 20
950 6 19 12 489 12 489 19 19 19 19 14 19 13
951 4 18 57 19 57 19 96 18 96
952 8 0 112 1 112 12 112 18 112 18 161 18 470 16 470 0 470
953 6 12 57 13 57 18 57 18 96 18 112 12 112
954 7 13 40 15 40 17 40 19 40 19 57 18 57 13 57
955 8 17 20 19 20 19 24 19 26 19 40 17 40 17 30 17 21
956 4 15 30 17 30 17 40 15 40
957 4 13 30 15 30 15 40 13 40
958 6 13 21 14 21 17 21 17 30 15 30 13 30
959 9 12 21 13 21 13 30 13 40 13 57 12 57 12 25 12 23 12 22
960 7 1 25 6 25 9 25 12 25 12 57 12 112 1 112
961 5 9 23 10 23 12 23 12 25 9 25
962 5 10 22 11 22 12 22 12 23 10 23
963 4 11 21 12 21 12 22 11 22
964 4 14 20 17 20 17 21 14 21
965 10 14 14 19 14 19 19 19 20 17 20 14 20 14 18 14 17 14 16 14 15
966 7 11 18 14 18 14 20 14 21 13 21 12 21 11 21
967 4 11 17 14 17 14 18 11 18
968 6 10 17 11 17 11 18 11 21 11 22 10 22
969 5 10 16 14 16 14 17 11 17 10 17
970 6 9 16 10 16 10 17 10 22 10 23 9 23
971 5 9 15 14 15 14 16 10 16 9 16
972 7 6 15 8 15 9 15 9 16 9 23 9 25 6 25
973 5 1 15 2 15 6 15 6 25 1 25
974 5 8 14 14 14 14 15 9 15 8 15
975 5 2 14 8 14 8 15 6 15 2 15
976 6 2 13 19 13 19 14 14 14 8 14 2 14
977 4 2 12 19 12 19 13 2 13
978 8 2 11 3 11 4 11 20 11 489 11 489 12 19 12 2 12
979 4 20 10 489 10 489 11 20 11
980 5 20 9 46 9 489 9 489 10 20 10
981 8 46 1 489 1 489 9 46 9 46 8 46 6 46 5 46 3
982 5 20 8 40 8 46 8 46 9 20 9
983 4 40 6 46 6 46 8 40 8
984 4 40 5 46 5 46 6 40 6
985 8 20 5 31 5 34 5 40 5 40 6 40 8 20 8 20 7
986 6 34 3 46 3 46 5 40 5 34 5 34 4
987 4 31 4 34 4 34 5 31 5
988 4 20 4 31 4 31 5 20 5
989 8 4 7 5 7 20 7 20 8 20 9 20 10 20 11 4 11
990 6 5 4 7 4 20 4 20 5 20 7 5 7
991 6 7 3 34 3 34 4 31 4 20 4 7 4
992 4 5 3 7 3 7 4 5 4
993 7 5 1 46 1 46 3 34 3 7 3 5 3 5 2
994 5 5 0 489 0 489 1 46 1 5 1
995 6 4 2 5 2 5 3 5 4 5 7 4 7
996 5 4 0 5 0 5 1 5 2 4 2
997 6 3 0 4 0 4 2 4 7 4 11 3 11
998 4 2 0 3 0 3 11 2 11
999 8 1 0 2 0 2 11 2 12 2 13 2 14 2 15 1 15
1000 6 0 0 1 0 1 15 1 25 1 112 0 112
